1986938 4576603
1299067 1587047
6285048 9696115
1696950 1945584
1144619 1339088
1178189 1432400
1241780 1493790
1773075 1933312
1295201 1505653
1129138 1334778
1780815 2100883
1021798 1233507
1000706 1235640
1035608 1224255
1005512 1254558
1907985 2113275
1072041 1251167
995310 1247825
1271633 1494433
1005699 1218950
940427 1173443
1290382 1551509
1019969 1211718
1024808 1253753
1326848 1564570
4878915 5066645
7830408 8048333
1014465 1231851
1179402 1356859
1264288 1497034
1018891 1232624
1804345 2101166
1268886 1458709
1183187 1469085
1679370 1983037
25048485 43636453
1122184 1387470
5284023 5772095
1247961 1391821
3611506 3808136
916516 1064971
1075745 1278279
1185647 1421866
3138121 3369530
871781 1029973
2647339 2830223
1353132 3342437
4936235 5080315
1222581 1426833
1273317 2505808
1383696 1584126
2956780 3341116
1208318 1455935
634152 791051
899708 1097273
1289882 1446531
885300 2187125
1996865 2118122
925566 1101967
1160925 1392476
961225 1132499
833506 1043213
2476893 2656099
1119486 1301556
1405319 1565436
969278 1179267
3630279 3774490
1354501 1583923
2383716 2560452
5705190 5950731
967005 1132735
866610 2486927
1009279 1179901
1036267 1237473
1388591 1593015
3078018 3365250
1172553 1369739
1191869 1420750
1034588 1231013
1227588 1431414
966023 1173684
1435876 1685685
1104030 1293535
4547130 4775130
4563343 4794885
1136042 1326542
7437268 7679736
1079921 1195767
849315 1018774
1124986 1332281
963566 1136840
1706794 1831760
1230048 1422995
1146222 1300870
1308124 1548770
1092009 1280513
1111805 1298220
880038 1058422
1298676 1541463
685353 793398
2114253 2278141
1001896 1235244
1006819 1230756
1098939 1313289
1476933 1641009
1029549 1216522
829890 989223
1217678 1354261
1213017 1370913
928498 1126164
1198105 2901502
2917492 3386281
770451 895384
1111055 1316556
1322243 1530967
4039453 4206629
2808024 3074934
1181279 1372330
855828 1017691
950671 1110367
922001 1112968
1132971 1353978
1222410 1405083
2852137 3013275
975110 1161345
934586 1101170
1119145 1255609
2429970 2597892
1024474 1197498
905782 1041983
852031 1010270
1118779 1321141
870034 1025087
1288086 1458487
2854772 2980787
890489 1106708
1049191 1222972
1049822 1216466
1357087 1557636
941253 1129908
3297069 3547818
1063818 1282163
940737 1103212
932356 1083028
938426 1079707
675958 794530
1049903 1193809
1005385 1197002
1539299 1717582
782001 914327
793147 919982
654533 780817
1159592 1339879
4678512 4915080
1871769 2032705
1067954 1178617
3610097 3774695
1079445 1222875
945021 2672305
1224127 1470460
1359512 1512259
995315 1168472
1314324 1547332
1146350 1387707
1330547 1586404
937877 1072716
1124932 1336269
1250644 1418197
807240 961101
1428997 1659798
1402684 1607284
792497 946618
997603 1151247
2252515 2386756
814341 929589
887296 1035890
2389639 2576680
605213 710145
998628 1161033
1273382 1448751
5852693 6313943
6432696 6576611
1627457 1872798
719546 901386
1029300 1151266
1032103 1231909
5758646 5964898
898698 1053765
1311410 1519810
3247682 3447119
1102235 1269597
1379099 1566328
896204 1066499
1012968 1156736
1007577 1141881
1162209 1415229
1000335 1189431
1010636 1219507
1109264 1294900
1031835 1208244
711996 846859
1189762 1389471
890767 1038891
794559 937911
1195003 1389628
842542 971932
639810 759618
5028606 5243054
884216 1028424
928835 1082381
1096532 1283411
1356913 1470352
1936518 2160444
966973 1135214
947614 1071611
1372564 1571057
6648933 7067369
1533934 1742257
798314 945219
961662 1130435
1059723 1249280
1069827 1261053
1504981 1692171
963502 1158474
3293153 3497190
1470179 1669766
1336541 1514946
1113629 1325546
1181925 1318076
936008 1069879
1194066 1415919
984173 1179952
775082 912778
3028864 3287077
786487 958963
1013723 1233603
1040023 1224574
1138588 1341843
4323388 4512059
944148 1075812
772916 900549
1128911 1335956
1322275 1521561
1114849 1320620
1067630 1271486
939891 1124140
1072003 1274043
826285 988038
2655931 2850953
1229287 1413207
819795 1045822
5496059 5931328
1161043 1342289
4274072 4429329
1518330 1742802
1042325 1248950
1177774 1348085
817977 2698436
985789 1131201
2819984 3030069
5632998 6126220
924031 1076583
1148793 1385952
1091295 1300359
814222 951825
864283 989499
1020502 1145722
838644 955640
786912 938359
1114076 1318987
888746 1027800
1067056 1241756
1636552 1831880
894203 1092211
8779611 8989787
881948 1032568
2512075 2697295
835792 976436
1089927 1287920
727908 911075
956133 1116367
950845 1110711
1079534 1272267
1055255 1236063
1124950 1337967
1116128 1300172
1250750 1468258
1367224 1579117
806238 954688
962731 1089386
3128147 3245146
599874 716743
1314015 1552069
1071244 1235059
1186623 1385421
859090 1035296
6387028 6564418
830240 970584
824635 974214
1098856 1265184
1085301 1297104
1302142 1498200
845431 973895
850324 978284
976914 1173256
2044869 2215151
1387644 2704646
816870 1002398
5505685 5701007
1116002 1280843
962105 1179244
1085378 1295204
4872973 5090156
9577740 10032657
961901 1162634
956588 1149998
2274199 2466373
1078561 1220621
4044612 4214994
1148817 1373349
1407635 1682130
1154953 1344544
1054163 1277618
725274 864370
1065727 1232490
871997 1011008
1073740 1225255
2100828 2248600
1064975 1174699
985270 1147209
1195345 1413001
1490790 1641586
1151059 1437243
973031 1127195
1792517 1899292
709818 1006226
2615867 2902319
1224357 1468975
4563482 4803506
957343 1152022
1101298 1312849
1053762 1274860
2031015 2217969
1319298 1486363
3254870 3460049
717756 858744
875702 1016334
899962 1021211
895492 1031049
1204412 1445558
872282 1049117
789825 931274
1001365 1162709
1105310 1311927
1036033 1219898
2140014 2266998
1081014 1199603
2834891 4041743
5445942 5625665
1044971 1245759
1207954 1388590
1061790 1236833
868714 1086740
676131 784695
1156986 1349140
1161611 1381982
2321531 2454731
1269848 1379678
6314573 6463642
4044321 4150987
3233286 3340705
5278754 5405791
1424881 1673719
770007 906182
2212195 2364401
1225792 1444578
1224548 1430458
1579966 1818713
1511480 1760183
4859371 5029094
4839136 4951783
5967256 6153868
3445020 3581141
16730286 17151271
774354 926583
5130754 5424333
6990290 7240413
1035515 1255633
1018559 1218735
1136391 1357548
711678 975847
2139295 2781596
1994369 2230048
1211057 1329192
3560365 3697806
1306529 1496483
3132665 3316844
889366 1107070
2890926 3081302
1520614 1774458
1139738 1378897
1779421 2068314
3272472 3426228
2127162 2250640
5242264 5427862
2636901 2761407
2545421 2655870
852547 1044444
642698 776898
765475 890623
1421165 1649470
1076169 1294225
1013831 1194489
2600709 2752604
1324570 1438867
1065210 1181155
811327 970610
773895 932180
4586282 4706877
631522 758812
748464 889488
910764 1089905
880482 1050150
2751732 2921090
1106395 1302920
1890315 2046612
1123955 1255323
3398526 3532565
723665 876896
7463229 7625514
784811 947183
915881 1112631
4610799 4879470
1140664 1287060
3262124 3565532
1360510 1512492
719851 838230
1678733 1842106
707862 807329
787505 926056
1392888 1557223
838348 994446
1021391 1183926
856053 982963
2448285 2621171
1132969 1323139
965354 1131199
2768263 2953577
1176705 1375278
1009051 1191471
3331384 3485928
2080960 2194358
1188641 1287545
5343187 5518835
1269572 1447947
1371356 1581388
820340 953030
2415466 2586315
748552 858380
1289309 1463212
8213351 8340240
7462234 7894229
1292965 1581014
1018588 1179114
833910 1010214
1034557 1164815
1157948 1343100
1047079 1219134
2693832 2835175
1679907 1848470
895336 1035500
2672467 2835301
1220976 1346349
1163724 1356632
928432 1062749
1148430 1359704
1242986 1456046
1112233 1290002
1447976 1667333
1101818 1337455
5593549 7281599
1275349 1457213
893263 1047231
1111337 1332448
1744225 1946640
4311114 4449412
5540271 5685587
892518 1042832
1081797 1286435
5755213 6180064
788792 900017
2318904 2450727
1130657 1229929
994147 1127149
1116154 1343971
832674 948244
1371739 1530381
3624439 3783090
1275245 1406977
948268 1118319
1494033 1752067
2146104 2300046
1189184 1300218
3655503 3779693
1057880 1233079
1028293 1188532
788327 924917
2602360 2773364
868671 1004360
1049926 1145858
3629987 3775712
1936844 2503465
1164334 1313914
2516089 2615886
4360019 4509514
660021 772407
1133456 1296885
1208552 1399215
971081 1110140
1776911 1961709
1055183 1194343
957068 1100157
1086744 1189174
2311562 2425927
612345 704040
678964 770189
1044672 1238512
1030652 1198480
1300428 1469669
1792470 1944973
1159312 1374719
1234402 1417565
1637266 1858752
827971 956083
2431812 2569795
794971 989552
1311303 1436222
1180829 1374026
917333 1045412
1072230 1211458
894251 1058353
2340494 2476900
984584 1135748
1478277 1647050
1223259 1394836
1285651 1461324
1023197 1210307
824726 976389
1141862 1321626
801901 903966
773339 903009
1228917 1463139
794547 946356
1024076 1156764
1261614 1496247
1238593 1405884
1064741 1277726
961382 2643931
6033177 6169720
976606 1165399
939890 1064705
1140096 1343847
1052841 1209705
783238 885604
868767 978512
850365 964807
1300548 1464372
3707306 3842249
5854068 5995533
992470 1148583
965566 1108136
760860 903956
2388192 2607816
929366 1082017
755551 853853
1583399 1684452
1260929 1456757
1633487 1744156
3520507 3666880
1289548 1405039
1502879 1657821
4010697 4122527
8807307 8988809
2365548 2590356
1934288 2064691
1317999 1467800
927642 1102083
1141207 1370731
854735 3614447
1300781 1398462
2428460 2534737
1049711 1232752
974588 1173469
1215391 1397363
1233441 1401532
846970 946348
1181877 1340334
1072187 1230502
919039 1043668
1814998 2036114
916909 1047119
2380921 2531264
2621494 2824674
1126240 1299839
1263658 1467994
1385675 1549453
1647203 1866294
1099084 1295529
992854 1131782
1286782 1521887
1330928 1511551
1150664 1314410
2743525 2909226
4297807 4445500
1203402 1351338
998267 1182285
1357066 1499188
1141739 1303784
2523289 2659999
2141152 2302454
1208069 1380576
1242477 1391543
1087205 1254549
993469 1181791
1080585 1273749
2294055 2457805
866635 1003254
1475839 1727098
1371778 1542225
1093525 1259369
1137934 1315189
1033316 1205784
927290 1093046
1504982 1694332
8405738 8561951
1546539 1798439
1275901 1414080
1973908 2106767
1014418 1115896
712238 825727
1119467 1339781
1343266 1534284
758194 918247
1041837 1208355
1269792 1443050
1130807 1320183
1254776 1420650
1162654 1336501
721337 867364
1166414 1364102
1480210 1682626
917032 1061193
1386681 1560993
641054 754867
1025407 1174886
1114743 1239152
1183099 1350658
2589016 2731270
1063253 1237878
1558858 1807391
1056221 1239610
1008186 1206514
931874 1088393
1137873 1294804
977215 1131443
3031902 3222051
886806 1049795
1007852 1170427
873592 1037518
1140641 1382200
1208609 1375048
920149 1097211
1192977 1368706
1342522 1519372
1124697 1356625
1149038 1307114
1283570 1479599
953723 1094462
848121 1013276
1135723 1331816
1029672 1178593
920702 1098354
2529907 2669228
1174532 1380676
1176434 1389445
730780 866345
2172174 2278113
900686 1020552
2469088 2640143
1355142 1535800
1188159 1302401
1202129 1400554
1169497 1371493
1520563 1729718
1189595 1409737
6890850 7021999
87497299 87725918
13671572 14110834
15004254 15168357
15045640 15147623
101765674 101869256
97030937 97150366
1317476 1500644
1198143 1382236
1859616 2009146
1114432 1284402
4741355 4946262
1195346 1375333
1593662 1809357
1181671 1353769
1018311 1129146
958604 1093670
6049093 6142186
4873783 4963758
2603148 2691734
917628 1069347
1097700 1283676
824999 1017976
1105667 1308265
1382124 1554135
879549 2269124
2146500 2280538
1178368 1369687
1717123 1858122
3120631 3230153
1273288 1374723
1007550 1105455
1197754 1363569
2016415 2110972
1046967 1182658
795982 931291
1547828 1780588
1224866 1379737
1132363 1297541
927430 1083786
2352678 2515738
664408 776859
1004855 1113433
1140354 1273479
1090402 1269437
641117 752942
862370 967945
6622365 6759005
1480621 1643427
1208658 1362822
1178626 1352766
818989 943761
1423082 1621466
1133520 1299659
1389852 1598439
1210670 1342363
844220 973579
891216 1017779
1024248 1163194
1096640 1252842
1247713 1463000
1375387 1536717
1406103 1572961
1165941 1269799
1254766 1476895
1191118 1374856
1315448 1525592
912378 1110371
1107729 1236663
1266802 1450282
992326 1152144
1183047 1349385
1191369 1351301
831595 951193
1083187 1249790
1038831 1213965
857013 992030
1278240 1448215
1313262 1539470
1264909 1440084
1227004 1375565
1224407 1393153
1149915 1337149
1044897 1204209
1109452 1306019
990972 1121385
1005062 1170549
734485 902392
2676350 2846153
1408618 1554203
8887315 9058651
1102935 1324393
768959 908798
2246312 2396072
1319270 1548460
1216350 1441866
824230 986462
1372687 1585251
991645 1158734
1377007 1568937
1668509 1863201
1391886 1573956
948155 1100681
1327114 1509180
3989151 4104316
4533875 4668316
9051561 9163947
1019440 1207281
4449984 4629499
1088755 1267974
4981018 5146503
2828303 3046043
945306 1065997
1254539 1406128
1200359 1365487
1131294 1307778
3917709 4059785
3795784 3904298
6898301 7282778
1312867 1500706
3580444 3703710
2119538 2238568
1204218 1320929
995586 5529649
1258312 1432742
1173040 1380101
3358187 3469444
1477972 1607490
793411 894273
799436 911335
1110089 1314150
1016230 1203547
1593756 1785304
3507675 3637567
1344874 1452930
1465047 1658413
823805 921677
1092223 1197228
2355965 2453062
1238367 1360030
1041493 1221575
1135060 1252284
1398966 3127378
804136 908848
793056 895507
996506 1152878
1153124 1407788
1005395 1193472
911036 1108787
890832 1022173
2334930 2497664
1231010 1395112
2115652 2278261
1232080 1328682
3955306 4099514
975036 1104591
1072506 1274115
1052287 1222325
1002496 1126125
2443427 2583749
726981 826732
846817 2055083
1841206 1982147
1086667 1255509
1034725 1166861
4250820 4388969
1096807 1239302
4742244 4937112
990743 1185381
1459889 1632204
860358 987240
2165966 2302892
720268 837030
991898 1161903
1092235 1260927
3600259 3729719
5474148 5986877
7462258 7635746
1785455 1963983
1157043 1324245
1008958 1168167
1257493 1416615
811763 943605
1824984 2023309
1062006 1174290
1147069 1309011
802187 921931
2547023 2676064
739273 865758
5973902 6424678
975700 1126567
1260285 1395425
2868948 3010475
2734542 2843495
1020872 1153651
2596846 2793780
1310146 1522241
987619 1146947
843640 980648
1056237 1206043
951160 1126140
3665653 3826156
1384246 1538254
1011961 1169396
1078781 1262053
4343282 4465845
1443792 1565509
1105629 1276190
704518 825604
2314396 2486667
1175474 1276590
873452 4041902
1116017 1306893
1111226 1287599
2879923 3042677
1999878 2140342
4652975 4794414
2186239 2329425
961102 1082954
2288220 2412330
1002190 1138451
776914 892081
721384 834544
1140466 1308682
1193039 1381382
1302854 1471375
909977 1084883
973046 1132247
965388 1099735
814090 946655
1115860 1294830
926514 1146579
1120091 1284407
987104 1089819
1609724 1761159
1303413 1454702
1146157 1338076
964951 1116638
1055889 1177872
7176461 7547468
1377962 1489774
946549 1118111
856974 1000719
1128845 1277640
790928 927095
3203439 3336052
2037990 2145294
1073060 1194501
3499019 3636562
766862 892196
751490 855452
686952 797053
1280495 1463294
1188628 1356942
873192 1027720
897806 1041452
1131827 1337204
993611 1137751
2455877 2587531
669258 780596
1909624 2014836
681337 777571
1199942 1300587
1126778 1321838
1191066 1403399
1034834 1228741
2393539 2522828
850300 1000083
1060769 1211704
1158145 1309916
1133708 1280870
866391 982694
2585793 2770215
831206 963957
1161072 1294300
9886470 10294633
1003540 1170980
2804453 2958801
745325 849959
1013217 1186804
1260735 1422366
858514 993128
1485992 1612680
967890 1106291
653268 761636
1084532 1284193
2943160 3117572
1132112 1275343
1037252 1259313
818726 924236
866366 996020
1210465 1403906
1135774 1295064
2346406 2505692
1837892 1991735
4743691 4915901
1177887 1366083
983540 1186323
1390073 1530079
2376323 2581495
1513100 1680548
1038435 1156670
1225167 1397680
951840 1124361
1066839 1211196
1106583 1286109
4401812 6157512
821852 940349
947646 1067329
1553693 1739724
1001551 1144215
1341386 1509424
713875 841991
838997 946593
1362695 2503118
784540 907626
1010414 1200347
2244815 2396923
1212899 1359778
789951 941305
1012148 1173419
1076214 1244211
1279028 1448333
949343 1078011
1126816 1269539
845435 965483
1061192 1222839
1265176 1385437
5490565 5595405
1140714 1264828
2918627 3063063
955738 1098539
1004217 1149420
2523550 2661152
951736 1079467
986283 1176874
982566 1141820
1881594 2024762
1055124 1151618
1129237 1286700
1341399 1503881
1152272 1338825
1018389 1159562
2071094 2240381
1156556 1266853
1257780 1456352
1018782 1150836
2639066 2795318
850058 966005
1382938 1551217
1133486 1290881
1354922 1496588
2952466 3131117
1309978 1473329
1153720 1319124
816934 947638
1240071 1449317
1163879 1594626
1100518 1266576
1092302 1257896
660509 766535
1194901 1358830
1196141 1350848
10948039 11066724
1522975 1764593
9584039 9753685
6364836 6477332
1697250 1845286
1392142 1606774
1537564 1733034
1184232 1325170
981948 1148862
1151915 1353166
941372 1061568
815252 962465
1216039 1382527
1098190 1234271
1198029 1350755
3049973 3290505
2431911 2575937
1202527 1386154
3526114 3685968
977793 1141218
975187 1173017
4293678 4424925
944513 1106438
1137846 1423334
1165025 1334763
1083935 1237554
1094327 1256028
912858 1078907
1396662 1570016
2281838 2443885
1159026 1279845
949949 1076908
818346 934323
848123 971971
1215250 1346823
1968884 2110986
1433304 1555857
1261040 1368020
2649871 2790502
1292936 1525629
954626 1055846
2496824 2625189
766672 909638
1585705 1681976
1114613 1206854
4162237 4249931
8649589 8899289
1416259 1585173
1010800 1155145
766765 862942
2003185 2116172
1079280 1261385
884758 1030232
1115597 1262984
2302314 2459853
1669838 1810296
1117066 1253298
762583 860912
1337578 1495001
863732 981311
986393 1085250
774750 865604
1054095 1244147
1002212 1147348
842587 960209
1057382 1253564
1251088 1388683
1013433 1175513
876468 989013
1225594 1438345
792978 942771
2849999 3019946
1271436 1453274
1136311 1394562
1289471 1426102
978868 1152858
4068753 4241867
1386888 1540172
921843 1050649
8282609 8707816
882636 1032464
1124310 1297726
1251880 1415804
3461570 3658425
1114449 1276304
1314163 1516884
926991 1040752
1139233 1404885
923638 1068401
1539939 1742052
993893 1137419
1414971 1576591
883001 1031042
762893 912703
1456192 1653031
1028894 1178304
768137 939733
973836 1126545
885201 1014827
886463 1034488
932210 1094431
2732391 2868378
1139578 1298353
2296216 2474391
794779 933934
1188544 1384743
1099936 1228898
929992 1028420
1981463 2121518
774127 890427
1244113 1457906
1045516 1184594
1235202 1402751
933052 1072355
1383426 1568450
1144291 1240532
1830698 1960120
931829 1023321
3559132 3727457
1338991 1536551
1250778 1387785
2585198 2694298
1302473 1421397
1117020 1289794
2420134 2612407
1342072 3152940
840182 954732
2601489 2773956
1036249 1132234
810993 2295547
3536871 3693552
1019238 1140738
786337 923583
1022298 1219447
1320672 1511263
713125 856354
4435951 4583538
6838649 6959549
5919351 6030875
8784504 8946947
2595668 2698475
1845658 1944621
2520359 2617307
5066670 5180673
5185001 5304891
12780615 13146528
975771 1127367
1614302 1817534
893659 1039953
1009886 1116821
2206753 2301567
2368166 2472539
1334081 1503063
1561568 1677217
970545 1065327
1882219 1980197
1250096 1419222
1038345 1209584
883629 1009670
2496623 2630518
1701786 1807040
1018713 1110963
3398771 3507223
1107092 1205419
2437033 2556751
3828966 3954924
1230812 1358865
764655 865386
1208743 1405585
814968 942181
870330 987198
2461106 2600183
841016 958169
5250758 5350940
4484137 4601637
3676798 3770356
2909950 3091191
1065319 1184113
1086638 1246452
1074680 1237875
4152888 4269565
5713768 5879280
5946783 6286982
1122752 1220577
816181 923974
2116362 2261529
1494691 1623878
2323283 2415769
3183767 3271198
4421106 4543797
998428 1141839
655247 774397
859132 985230
745640 868954
760106 879581
1878467 1992440
1143098 1272174
2421730 2522467
2394188 2502620
2114398 2208261
2791075 2939337
1124159 1288563
960124 1092746
2641826 2817771
801182 901487
948277 1085822
987632 1119858
644852 737293
616040 710822
1926505 2042848
4660350 4859729
1166873 1382935
1199439 1363775
1586529 1783126
1150846 1321011
976391 1080608
2297275 2432108
1153269 1282941
908364 1009346
1113485 1208187
1123669 1219122
4465672 4584450
6059209 6218963
1288046 1414716
1147699 1325414
951970 1064808
1077182 1213084
2189074 2358792
1663333 1765723
2784274 2908851
5953216 6081798
1383891 1516158
930202 1046920
1150047 1344824
1260884 1479737
2193056 2310688
941090 1061346
2130816 2360127
1307580 1424791
3932683 4077321
1130302 1305751
721650 836212
1003006 1148528
867543 998639
2401751 2547075
1050717 1189321
1530916 1684422
1251423 1454112
1131573 1351863
1359475 1583335
1153334 1340336
3410126 3583128
1110847 1273550
980777 1168298
1253734 1438459
1417467 1597656
3114605 3268150
649601 760517
4445213 4645470
1110931 1324406
1065165 1247303
989366 1163177
