1271536 1523266
1097082 1359850
1034950 1854859
1129785 1393444
19728936 22880672
1320689 1564959
1310371 1551654
1410510 1650831
1168338 1373948
10937828 11428950
1521586 1764484
995202 1165315
1376168 1600275
2050367 2333450
1316595 1520555
1162760 1394593
1130250 1296906
1800040 2117029
1054118 1293792
1049763 1248347
972113 1153836
1119756 1307662
1113558 1321106
1140472 1344171
1086259 1285786
1231243 1460915
1208812 1396431
1220511 1519566
925474 1109865
1027641 1219294
1647854 3757196
1021688 1198776
1294047 1492459
2512674 2683847
1347449 1515185
1301770 1555434
2862047 3226193
1167368 1402183
979002 1143107
2313572 2440734
1044006 1230425
1465049 1764637
918349 1150683
739388 887296
2137378 2308207
795422 923550
1107870 1335786
1162243 1357473
1302654 1432803
3986538 4183892
1016829 1195662
832858 1062455
861501 988303
1105752 1296970
812578 1042149
1034396 1228168
718227 846020
977273 1163019
1161026 1372717
993671 1159326
1249513 1450764
4850139 5004255
6706420 7085587
1229353 1399083
1135597 1318932
1123214 1290406
769666 903119
2171309 2323135
787932 933108
863236 1025906
892317 1037710
2436728 2617789
658827 771330
1020355 1249737
1252598 1496822
1082947 1276643
1057901 1253534
963770 1173784
1070928 1254189
1127191 1355941
1249800 1493514
1066727 1283403
1153416 1345688
1132078 1317645
861952 994146
2571249 2716520
1073617 1266826
2709931 2951310
1591313 1842534
1050166 1227354
2051513 2200170
1398374 1612023
830325 964092
2320878 2510074
1023001 1188486
918636 1092846
2595335 2778854
911851 1044192
5081767 5261815
1038632 1251618
1642190 1781293
1176790 1291948
1330402 1596205
986026 1191982
1025249 1230547
853746 1008127
855489 1049224
1168793 1441429
17938317 22926821
1329508 1505056
943121 1074105
603645 721577
1289040 1426545
3058040 3217106
934323 1052326
1366053 1587553
766616 924440
1075851 1233677
2480387 2626941
1040013 1216989
1287684 1470925
899599 1056038
837227 982745
972019 1109027
2561503 2723167
933908 1127671
924419 1109191
1647980 1870889
933883 1108073
671423 808144
1064812 1224289
1199997 1404410
1855243 2003299
1091400 1210557
3123608 3248275
926895 1082068
1027415 1209636
1125691 1342555
709594 838774
751643 878886
618136 739695
1002707 1219590
1467413 1688647
991250 1153924
968704 1141309
646529 761484
4534335 4669607
1011460 1246212
1164733 1324950
1195951 1379141
775629 939362
4613158 4779120
1036036 1228087
950285 1129229
1106667 1327671
1454674 1634373
2892296 3029193
1117227 1332746
963506 1121816
1358720 1575154
772855 907126
3767954 3874499
3046461 3184371
1960379 2122085
1161642 2589885
1106576 1309262
923596 1103937
1101991 1228565
2205145 2356673
1183199 1401663
1153173 1352316
1175180 1349282
1657726 1855719
1289116 1452188
1094945 1302638
1117846 1313682
785007 942154
911805 1050527
2620410 2835636
888628 1045489
1126219 1313777
1115569 1281940
1142243 1318728
6111316 6281534
900927 1071945
2559287 2721624
959590 1101364
870398 985863
9556723 9967730
775018 898427
811570 951943
1165134 1389096
1462424 1734956
2154471 2322707
1110451 1284118
1296112 1469307
1060430 1268374
1129325 1312887
1291616 1491762
1105893 1321426
749836 892071
754736 899860
914232 1074997
1181472 1347092
1048105 1293686
854913 1006008
1389531 1614803
887602 1015677
1305510 1496785
736704 912603
1196536 1414137
1080437 1242708
1080656 1247912
983406 1157151
8601424 8779172
1104137 1288012
898999 1066220
1025958 1211923
1239170 1407032
626539 749015
1332938 1494362
1188018 1382476
995463 1131902
2477418 2633202
752285 882303
1107348 1325803
825624 978014
5938595 6147735
9467695 9848370
8613488 8793348
4117619 4277707
1177620 1360018
1217836 1446499
1981049 2136082
1367687 1611061
1485611 1735458
1002132 1179702
1098571 1298413
989525 1131554
2560197 2734689
917604 1084682
951351 1113377
4244115 4364606
1515787 1721257
8086567 8263534
835254 984342
904459 1018635
1241560 1366907
4409299 4595335
769566 931133
1300477 1522758
1106993 1289100
1007670 1186007
724409 862627
761407 874393
11326070 11767809
1001861 1126332
919080 1077132
2600378 2791268
941638 1075623
946502 1097110
2329719 2472493
1227836 1360197
1129068 1276026
11828476 12234215
1600857 1735737
1202525 1428555
785899 935540
4331131 4482421
987796 1169305
1050118 1218833
2299111 2478072
2809166 2959452
5554773 5729506
889444 1016301
2861125 3107141
979207 1105895
1248264 1453112
876263 1042224
8322801 8781182
1009248 1170070
7205289 7366686
836923 960126
4183193 4305053
5541793 5684608
805807 951155
988523 1138131
1002637 1162645
992966 1163203
998950 1185368
1798874 2023886
931014 1157011
1784382 1964569
1042324 1208065
1131152 1315867
1151908 1400482
853554 988873
920669 1055693
793477 934704
1149331 1330547
5351231 5524321
1942244 2061354
2646446 2759311
3864710 4015130
978883 1163519
875183 1014448
658682 777094
3105697 3354918
1097290 1213053
953218 1122144
994581 1194574
721267 864379
2321165 2511743
771121 887807
1217678 1464071
1436257 1666859
1349350 1550734
785929 907586
1994266 2123698
1021165 1290693
1222841 1441125
967471 1137385
1195562 1404060
764416 932973
1068802 1269023
898121 1042005
940113 1104839
1252869 1422581
1468166 1664625
3081098 3244863
806287 962056
859851 1013230
3310717 7523206
7307232 7420421
1056695 1251832
1177507 1366481
965347 1105682
981854 1140984
822280 959912
1127319 1323689
1061376 1251203
856696 1010946
2416462 2590846
3874176 4016789
1205153 1418832
928976 1108784
1157659 1348916
681186 818884
2189785 2342084
1026905 1171286
1025193 1141850
1691482 1854954
3154422 3334236
934603 1075037
2530578 2721075
1372239 1537676
3775346 3913359
1200887 1444298
5673858 6100090
965371 1145996
1210123 1389778
1068810 1236864
2924599 3045475
2175239 2303899
1028330 1187839
952689 1090627
2643898 2811568
963148 1115362
2624796 2786170
1182371 1374177
1037357 1218515
1092160 1299650
1151946 1303905
2091122 2254074
3393880 3501157
4850587 4956398
1442597 1570116
977148 1116671
607757 718458
1455999 1648492
827591 971436
2794197 2961474
1005796 1224744
1059550 1254935
1069149 1262327
4213433 4402073
5571164 5698437
3309115 3428776
2425765 2526611
2304755 2405477
7642357 7808494
1985654 2098519
1183151 1399984
1739825 1866789
5368078 5480003
1137891 1289239
49014303 59730724
1043676 1233372
833845 952536
630938 764085
881723 1036860
1849624 2002533
1820049 2033451
797246 946735
699741 805796
1096703 1281771
1276090 1415233
1261963 1448688
913946 1042833
2129541 2250540
779993 902999
1894193 1998440
1229056 1327916
865525 994027
1211827 1390866
669701 787829
1384188 1626716
898642 1026252
2893280 3080645
1042245 1193743
771988 909065
813081 927639
1325061 1479213
1203847 1318492
1649329 1781281
2093615 2214303
755128 869460
1632942 1904910
1340264 1511197
1039719 1201780
827888 944350
839477 966993
1208026 1337297
2855484 3002069
1290388 1438120
1143205 1555701
1614733 1738345
1480210 1652674
782101 946810
874539 1012342
2514355 2677964
835720 1021954
951880 1082035
2322340 2452278
866545 984767
1971530 2088573
3885133 4081929
1023085 1182816
1034839 1220738
1552581 1760373
968750 1127604
1033165 1262613
1100979 1284357
963346 1088249
2252720 2406767
1140373 1319871
1758056 1959627
798048 913480
650635 763121
8021171 8192165
2100974 2236420
3566522 3694346
1282094 1424863
865445 1021466
2856379 3004760
1251940 1458755
1293084 1476285
911961 1048890
2245609 2390719
1417041 1632437
3351524 3506132
5991095 6191740
8456212 8601450
1426254 1601443
1168651 1376207
2055719 2186483
1089623 1300896
1245614 1418484
3275541 3423621
2238965 2355323
1320004 1457036
588055 693755
937044 1121790
1113072 1293555
980967 1135824
2430929 2574850
784401 912743
650057 768865
962403 1114895
1138907 1263409
2572086 2771847
763161 876103
2171727 2279480
1162424 1335686
967376 1128215
1176447 1376127
1786690 1918354
4360229 4474153
5932627 6080126
1148856 1332942
2711302 3025002
1746296 1923880
1306574 1441045
1441852 3069907
985377 1152649
2540120 2717523
1338626 1447109
3113825 3238715
956431 1060222
2262724 2388729
990085 1179549
1765546 1900990
925403 1042236
3393694 3559388
1257055 1440381
857712 1010919
4598522 4717071
863083 1008064
2191473 2321540
779672 898304
820101 931033
1527754 1785834
1087349 1275492
753277 910126
5947457 6437379
941975 1113951
1113115 1299411
3629883 3814394
1081327 1267081
768054 887116
2024741 2144560
632438 743949
4572548 4755876
754205 892439
1407780 1599219
681958 828584
1224664 1400195
1395591 1572461
1176528 1375167
1182405 1395516
1405753 1557677
1062411 1267369
921940 1093729
1085846 1248665
2731648 2902756
1234165 1445958
1642310 1835162
788676 919653
779353 905125
883362 1027112
1147259 1312753
5987649 6411439
891352 1042913
1010071 1171738
963193 1116077
2665620 2836835
592735 699690
1090225 1212005
596159 701976
4044106 4155904
4223342 4340426
1258427 1422346
886379 1044219
1328202 1568033
905394 1053328
1305830 1477692
855727 992829
2050351 2170341
1121951 1279019
772739 897214
5426641 5561123
913249 1072802
2058563 2216852
1149009 1262751
3651988 3825611
1211617 1361864
1121372 1304978
908917 1092930
993920 1132072
978917 1099444
651376 758447
9972533 10425555
1211007 1400254
913612 1041855
864116 988762
2192642 2334457
1081109 1264150
1320952 1488760
1047381 1229722
1422488 1613615
1001194 1115231
958725 1106530
1108230 1276447
1001122 1161607
2051684 2203724
1058922 1184070
1238058 1400365
1193279 1385613
1135652 1324530
2736499 2936649
929554 1246198
764560 880844
5805022 6237713
1837499 2020922
1082689 1251110
995245 1155781
956807 1076724
932761 1087039
1108347 1870640
1081121 1263790
802514 956463
872253 1023737
4211517 4357804
1041183 1177541
882569 1021629
1525922 1695101
1067257 1260751
1534640 1713407
834664 984789
1215015 1351374
1120299 1300569
904028 1042645
2411047 2588855
802412 921579
1297460 1461617
3893500 4072648
893675 1048126
997764 1152687
5068730 5203598
6793182 6914987
1179260 1394642
888660 1034259
2268264 2445067
1057463 1215296
4555070 4745312
6354980 6832103
1110008 1331532
1278720 1483722
877053 1038042
2360322 2522662
900602 1081688
4408727 4594745
3183822 3291326
1491213 1817619
1157397 1335265
1177775 1333316
1330944 1513594
1567555 1734360
844533 976704
2084692 2205859
1414402 1591911
1483818 1981660
1003588 1113648
912701 1116972
1070812 1317027
668440 776976
1229326 1397628
1147806 1262718
671772 767146
859834 983306
1104425 2602222
1255441 1399368
1141135 1311233
1099208 1297933
1005884 1143969
1464550 1659090
981447 1146847
1056551 1189958
1204399 1379566
1172066 1321677
2463448 2621755
1474054 1574476
1120042 1230539
2520825 2658175
809068 942077
842951 947338
936261 1091927
2473698 2620963
3708723 3893004
966250 1101429
1318519 1502284
836277 953868
904983 1053726
853856 1002665
2393537 2534732
4763345 4879791
1337179 1486363
2767496 2895312
1157169 1383615
795159 909190
875365 1018209
2426273 2564782
828520 958732
1209501 1363281
2936565 3066791
1469494 1637583
1075225 1192151
978956 1142985
5197035 5384769
7880965 8254884
2990773 3145102
3940079 4089668
9022454 9460714
789763 919603
6362131 6467164
4604231 4702867
5647792 5735763
5226196 5328497
943368 1108753
1212054 1466541
1249602 1410770
1008892 1176961
2515464 2680908
940291 1090728
1047676 1217216
1034691 1148721
784424 943167
2062828 2180144
3403511 3537374
751050 872001
793595 895356
1159329 1393873
1025397 1177843
5970233 6407819
1215414 1373412
1122847 1285196
997117 1124430
1242279 1393205
1009251 2847598
4907284 5046304
3455741 3584829
6701239 6849137
1089323 1273916
1282882 1503634
667783 792473
1344788 1522746
1055818 1228467
1338583 1479456
1165834 1337129
1491401 1716236
661613 767407
1674999 1779867
4062820 4173752
1489674 1702758
978346 1157704
821585 936018
976383 1129057
734609 836255
604405 703262
1280505 1455344
1068474 1220604
726398 882751
1107244 1260792
2548929 2688928
8192089 8598012
1030618 1199831
876861 1003335
1038367 1167906
5604546 5977022
1078556 1208074
770585 883489
1284843 1514612
706945 840239
808641 3037831
1584755 2815506
1116987 1327235
1283877 1483194
1145054 1333809
1025488 1233087
3124718 3275872
1332838 1488090
1049845 1246672
1006770 1151891
1074474 1217518
937984 1087836
1352208 1517025
1476295 1645073
1074567 1185090
1174887 1368097
2296178 2462006
1450395 1631065
1228286 1423270
1079572 1247169
1134919 1348823
3319150 3499270
1442320 1654491
966133 1189594
2788298 2930230
1087921 1260219
999657 1158691
990170 1156269
845871 969100
1343195 1523261
1724540 1893006
991111 2314287
749860 863520
812510 980371
1070661 1305845
1585976 1835151
1125216 1303084
1520969 1689632
1057184 1200767
2574256 2716346
1122613 1302620
1202851 1386710
974286 1131812
2411253 2532912
1315357 1421747
4265142 4390568
1678846 1886498
1424504 1625279
824342 929396
861396 967432
890644 1004964
2780591 3036027
2651415 2811007
1639246 1769397
4383003 4521067
1501314 1606472
1161113 1339009
1535038 1687432
741169 895966
1972064 2127145
1072349 1194067
2481476 2600166
1216446 1401833
1059580 1236049
3560499 3682702
4834643 4968102
10986108 16328550
6673711 6842123
6245002 6434537
1481068 1713874
1006678 1217517
829135 975979
3084934 3225952
1147204 1322220
910940 1027878
2135464 2239446
3567537 3704999
782786 914258
1286415 1492633
1852221 1992047
1017359 1123919
3683950 3813469
943560 5155463
945362 1113423
1137162 1296950
1528780 1734720
1166811 1303067
769551 888112
1076269 1246214
1103300 1263134
1762006 1898044
852809 953205
3590820 3748768
764006 888398
1270675 1443377
1150182 1328770
1286855 1457216
682507 798937
806220 973004
1206571 1409966
1466966 1663751
1110264 1253358
1012717 1158712
751048 2443571
693948 802535
1310408 1438026
1071116 1233919
970880 1111095
876931 986450
707727 2199843
1160193 1334234
1011084 1142069
916049 1065618
1084686 1251218
873590 990399
1049890 1221237
851727 1030436
1598629 1788143
1015412 1157911
853844 997798
2251124 2390366
996718 1134731
995955 1149384
1107336 1287750
990843 1149088
932646 1076425
1023966 1180308
1240829 1437882
1151361 1301030
2135417 2294196
1214044 2694169
881378 1063942
685911 788664
1141036 1319141
932000 1080660
1120277 1306825
1085106 1197646
924700 1032581
9793631 10232071
1093978 1285848
1052963 1210423
1145291 1313362
899644 1009606
1091539 1257186
1163176 1362817
1436973 1582535
867546 1000414
1135106 1301295
723663 857244
1095556 1260403
1371734 1551887
1120831 1264536
1501254 1686253
3168826 3304623
1205315 1381234
1411766 1620584
1321688 1497589
10220643 11788669
1132812 1327494
917658 1056480
1040542 1212492
1066235 1216246
1123479 1304399
787106 917856
967060 1105894
952264 1073065
2273243 2407151
1174908 1387061
1190805 1350516
1047276 1214513
785189 889988
1128037 1297133
1370901 1503798
1126314 1291768
880796 1006704
2472640 2638806
4714742 4854096
5490875 5596611
1275293 1460478
983055 1112267
2636631 2776126
1021126 1128307
801336 935920
1138645 1313127
2607491 2754039
814885 937103
703325 823830
950966 1053309
674267 778382
1229717 1369323
951480 1109477
1035155 1191675
6160854 6309420
1151772 1326047
2945787 3085393
4108844 4221905
1218989 1391066
3442812 3572964
1377019 1502870
5360646 5520930
889947 1011852
1208432 1389811
1038108 1208140
1277443 1463613
1055897 1210599
813455 955164
844086 969106
1137606 1296944
980635 1137498
1167640 1308913
784122 921586
664219 804806
809063 940039
1075317 1241346
1184019 1365724
1028766 1197991
890374 1004873
910836 1069104
1185460 1353454
675493 812893
2369396 2545535
908386 1017449
1034762 1186855
926988 1067465
6026752 8278671
1550165 1765992
1132102 1321331
1110740 1280160
1008537 1167164
786057 936475
1316343 1518076
2648312 2864256
854128 992067
2303473 2442458
1278168 1397194
1114253 1289388
1056265 1219633
2203504 2324166
1304024 1408060
4082768 4282941
1315771 1422463
1229633 1381767
814309 947595
945630 1083892
2567567 2701867
593210 698441
971883 1124256
1144804 1373859
1150046 1338805
1575614 1729189
7316115 7485081
1307022 1447926
902267 1021675
844573 983797
4531897 4688550
4423603 4571046
892844 1028072
901957 1010371
3105486 3270406
1998305 2113089
1012438 1172870
2665016 2869687
1208884 1386223
931713 1103478
1032600 1215884
1035410 1195343
2699519 2838178
822840 947420
2373034 2547680
3864645 4017932
6149093 6526876
1086582 1247438
1120135 1239685
2603545 2753281
878142 999825
782536 897494
2752762 2881526
1032322 1173459
1200040 3915915
1111557 1239393
1066525 1220423
5763708 6176525
2927056 3167452
1085781 1243062
891171 1047690
960630 1103888
1200953 1402608
994584 1138077
1008243 1147662
1244623 1466322
1225374 1370665
894722 1045850
2282584 2410870
989012 1126853
2331623 2472304
858773 1000828
1190054 1377839
825014 950021
2389254 2511413
910215 1029472
1030197 1181971
901530 1036461
7151056 7312362
1118981 1266516
928076 1085751
1150839 1312243
1005554 1143472
1203047 1369867
1139526 1305943
1226017 1382038
2433639 2550060
3933991 4094122
1271555 1468279
1046824 1197683
1121008 1309466
1190892 1404094
2897018 3047505
1062050 1209215
1098030 1268656
4583674 4764531
1018908 1181591
2536461 2686369
1105320 1237847
709233 829752
1148550 1332233
819817 958180
937520 1099874
1121895 1336095
1370222 1510614
1314371 1480013
1118517 1281218
908703 1050458
845997 956270
892051 1050604
2608436 2763704
1613958 1752572
1175833 1367692
1024347 1172315
1281639 1406320
4037111 4212088
1055449 1188849
807173 916301
1171070 1348140
921658 1105343
715543 816808
1059989 1230323
709569 826100
2210402 2353193
1022319 1160359
773034 882287
1154924 1356063
1295817 1468382
1190292 1380331
864836 981344
952331 1090633
1122712 1307987
1000808 1144114
1201625 1383086
1208566 1362724
839498 983093
913001 1055438
2381135 2507264
1200710 1358458
1606135 1788498
1243476 1400825
972083 1138154
1147910 1290969
4208333 4342252
3333670 3437968
1262504 1510745
1180238 1363406
1152264 1373873
905897 1005419
1498557 1691848
1450230 1585984
1117243 1306506
1119214 1278449
1040359 1200928
1153165 1280908
2754714 2915250
1148117 1323115
1106940 1284315
2498315 2719747
1059261 1219389
2926308 3072511
6494467 6654012
1007552 1156067
1002894 1137004
1299783 1495421
1130854 1301866
1182721 1332794
2616584 2817561
1408036 1567116
1155236 1344567
1204712 1362469
1258496 1449649
9443018 9608446
5726346 5856803
1430301 1604458
1048348 1237575
1222036 1361138
1025232 1183562
1247098 1408863
1159314 1369617
956255 1095708
819241 959671
997599 1161036
1032444 1159186
1985674 2087754
1259619 1359385
3766711 3912148
648682 752056
942644 1074717
841714 962984
2680361 2828522
765738 889278
1325339 1508969
896976 1017229
2148192 2260173
2642800 2880095
2328104 5166165
1263782 1447616
2489771 2591538
910772 1056635
5880756 6330460
5652468 5785411
1371137 1520425
897194 1026025
753833 863874
666320 767314
1914942 2024295
1032988 1156145
3650719 3761531
856113 975494
1117408 1230202
7362502 7722137
1167769 1358290
1199935 1342128
1306217 1454519
2684116 2801154
1263829 1367924
1036345 1151578
3174128 3268937
2304449 2401049
1184762 1271571
1009888 1141159
1166898 1374148
3148323 3275452
1173470 1345661
1672157 1814238
2818498 2928321
6082621 6198963
5132986 5245718
4218204 4329542
8345498 8507616
1932152 2079992
794271 910739
1251019 1454058
1319051 1503898
1094239 1267571
1139447 1304742
850573 966364
866499 965140
1092875 1235596
811342 935334
878846 981832
822103 936465
741673 843673
1014977 1156137
1143563 1301380
678986 787302
2138570 2301446
1225994 1353277
1152780 1260517
3600112 3693500
2092879 2189377
1110127 1202046
1206580 1343627
1100449 1196653
1644013 1798723
1074719 1238680
750718 858621
775478 877186
761122 857740
777569 900992
1053386 1170253
1068015 1169505
985669 1112709
2366405 2563109
5670047 5807760
1094225 1242710
929666 1072809
7089940 7245402
3099304 3207395
4176415 4301533
787761 879442
1868709 1965691
9016773 9107699
10138448 10288485
823769 939668
5808425 6250965
1272471 1447158
908624 1078247
2567314 2687214
3796103 3920679
1821533 1918270
5213654 5348064
7129267 7311280
2604670 2724874
2667408 2767499
790855 914839
1183595 1370471
1153813 1369648
3527090 3772070
4857780 5034025
1181945 1368439
1912695 2052483
3468559 3590842
1282304 1406377
5392418 5564442
767403 897770
1137886 1342451
4586321 4723634
1216462 1382283
1102385 1296056
1214455 1409608
1216644 1429441
1259283 1452464
5235916 5397453
2202146 2365293
3280039 3683015
4027029 4126765
4436602 4534275
4012681 4195514
2401246 2636587
1175859 1367620
1182971 1403772
1247830 1396182
710205 2521027
1149367 1331708
1205296 1397672
1269006 1459691
1403788 1545215
1061186 1226081
1149432 1352631
1171328 1312205
938520 1064644
2513043 2660803
1148319 1342548
1243852 1367337
2657073 2768881
1303271 1499832
1002673 1145566
1429388 1609260
2033996 4198773
1204217 1382651
1215811 1427733
