25105556 26236391
27106666 30275984
28894408 29455844
2637691 4967653
1381466 1771575
1127993 1645055
5164488 9708102
1964559 2563428
2420819 2776016
2805986 9997276
4457784 5058899
2443906 2810130
1542167 2015129
1394736 1863348
15239024 15790114
1173201 4813044
5116161 5444126
1634702 2172001
963192 1321281
3664529 21173138
4313297 5413485
2196343 2727689
1222465 1545982
916398 1279099
2005033 2312384
1277009 1607806
1869485 2409090
2639884 3020325
4433458 4822894
7314362 7653024
944652 1291141
1290870 1700291
974162 1278276
2439115 2858441
963118 1264187
842539 1138619
1061886 1349853
1318183 1748000
2702256 3164687
2031687 2350492
797286 1158542
2454556 2855833
1559333 2026980
2376659 2685860
3830522 4110593
1723584 2146277
7641913 7991876
2455171 2967071
1805381 2080296
4821299 5194017
922189 1301445
2148133 2536679
1313121 1836240
1193926 1505867
2143073 2392104
1370659 1736136
968344 1217132
716013 1056050
1377842 1680884
2841418 3119056
1103746 2089256
1292775 1683470
1179240 1482033
4259874 4576253
6186015 6677770
8667041 9072028
1251562 1541101
1695389 2067339
1684640 2344539
809167 1150698
1268694 1578072
1092560 1390364
5432022 6444762
4461015 5664766
937954 1177012
983148 1211702
2723406 2966849
1429495 1809362
3368101 3676143
2969714 3188834
1006531 1309310
813323 1379642
1069717 1336667
1090228 1366514
902615 1112265
1358572 1738693
1510958 1859534
1017275 1316150
9838067 10035081
8620508 8831933
4642233 4886017
4671854 13401266
11863901 12058440
12800944 13050324
14361017 14628299
1128748 1465802
1364987 1587407
1191264 1568890
2894474 3202928
1353395 1578321
2060377 2283835
1211828 1481035
4022579 4260091
1329342 1635528
4583641 4815001
2152665 4120660
815213 1048843
7536801 12397576
1216370 1573548
938612 1235341
1230691 1608763
1385918 1601016
6077604 6307681
2574709 2907870
821388 1007162
931182 2545488
8869759 9140044
1749792 1960854
1345063 1654452
1276348 18265648
1152032 1462706
910620 1153424
1022808 1267036
5713989 6597593
1223071 1538040
1223786 1445208
2698329 2992422
1138942 1427279
2590372 2841204
1269971 1564700
5662253 5902707
4928506 5123696
7724164 8053064
2022101 2348993
1904330 2121982
1298900 1469260
5531368 5762674
856753 1025663
1060147 1347607
2697915 2942731
3626916 3902856
944772 1161619
773410 928676
1097980 1373851
1154912 1397814
2014876 2217931
1283585 2774643
4461791 8858434
995578 1235865
2733406 2936426
2798604 3138567
1623559 1789434
1967056 2353602
6368085 6592891
1269057 1599934
1214803 1582536
1189093 1525614
1958380 2148490
1048264 1213626
3721832 3969027
1011344 1239153
867093 1134096
999592 1205541
1552084 1710877
20267770 20488692
1065063 1278077
1162340 1388273
870658 1048582
6163932 6372928
7831630 8129436
4492535 9046705
7285283 7462957
13388133 13548746
4198317 4361683
872656 1037632
976316 1135131
1024739 1291132
1634317 1852290
1291690 1562352
1937902 2108266
1117437 1279078
2246546 2399695
961079 1115258
2653175 2815323
1460555 1633769
837409 985638
1919625 2127301
3462632 4321454
1301491 1541039
3723437 3937704
2798274 2998819
929836 1076169
8258273 8448990
2259255 2716283
841330 1052598
947474 1124960
1129610 1379181
1152360 1400887
1269533 1628698
1097638 1342660
779520 1913943
1775955 1929506
3805702 3949802
1112646 1260785
7044818 7224124
1528055 1692821
1046031 1235951
765467 918769
1508454 1679793
1699830 1977135
1536462 1755611
1226695 1392673
1141500 1305769
3218988 3413406
1432370 1571021
1214550 1370174
3942926 4126280
2810836 2979004
1574975 1724370
1101490 1255201
1172649 1405069
821163 993628
1069340 1253795
630031 782814
923490 1152692
1208762 1411579
6962725 7189227
2700533 2836263
1985224 2163446
1788949 1943053
2490101 2982284
910337 1163852
2679228 2925094
6399988 6603990
8450217 8670922
4127406 4303286
815560 988696
2001013 2224907
8691161 8843046
1010401 1266353
1059279 1232100
986830 1221271
2818455 3101512
2055346 2207736
1187785 1399999
1835345 2693084
6029839 8493219
613065 759955
1956447 2109013
1038172 1247332
2804757 2939620
1194492 1600829
742519 906199
1016901 1227412
785466 962468
738620 890017
902846 1078459
1223791 1383112
2517343 2712001
4386602 4668529
1226753 1388288
2624271 3377028
925096 1123068
1275192 1816536
3104742 3264445
2039357 2181932
1158925 1319937
6383714 6543958
1062829 1191653
2316338 7192699
1114172 1354019
1301277 1567696
891905 1068273
967464 1162713
1161536 1402475
885731 1009963
773161 902780
2099320 2221470
1218754 1407156
710150 841426
2004376 2189659
706676 866245
1877264 2019616
927297 1086992
2550998 2764603
811859 1082385
2875047 3001526
3380701 3503469
3844648 3958651
4790701 5080826
5163444 5289088
7237880 7351897
7048902 7188756
15919478 16065877
2772217 2950519
783200 920424
2075310 2218373
855015 981691
2438955 2558725
1071904 1193572
1371151 1494351
15250298 18658138
1584467 1705844
2814669 2980428
1458159 1785999
810342 2733173
1917392 2048460
1265476 1426083
798383 1785280
4318898 4444139
4004972 4135797
6487871 6611672
5521896 5673300
5661410 5790509
4082879 4333775
1083769 1283837
2497189 2694396
848717 989053
7889131 9363796
5505793 5751588
804256 945837
1784574 1939222
3998612 4106499
2801308 2942842
1164868 2058658
898998 1070284
912789 1036722
2232875 2357145
838104 985419
1077404 1200055
835985 1005231
1296307 1429143
1070340 1205851
759396 892809
974656 1135535
1095404 1218230
3706447 3816793
3029295 3181386
2886760 3035957
4363013 4507211
8303324 8440774
3040544 3155894
3720021 7690177
945131 1059555
1126943 1342692
800677 941696
1143373 1305078
1085942 2755825
2062732 2512489
3401217 3524996
1195511 1304459
1252547 2557719
1043934 1171810
952920 1065898
750385 865750
756113 887922
1116290 1279427
1179870 1361643
4512839 4649231
4424575 4968913
695114 836549
2116234 2286392
860789 1049567
1003896 1103979
5770591 6005844
6951154 7048988
1064226 1225384
2227545 2394871
1238868 1369546
4153040 4325080
740337 848976
1159376 1285927
3183416 3345478
1702460 1810658
5941496 6141927
3900473 4457457
940805 1046192
3504392 3735263
5245549 5373828
9047943 9179733
7905966 8030381
4655768 4818147
7223899 7378361
11365440 11545293
7297042 7399515
4468094 4573416
3355098 3495573
1288753 2123046
890099 1121767
684685 793405
3763062 3882620
836173 941095
2239852 2348851
2545058 2700861
3828972 3952582
6090292 6253102
8675780 8774885
1353238 1501270
887758 1053511
960563 1060636
663976 798005
3156183 3294716
851056 998280
1109616 1212091
1808319 1906599
1859868 1945107
824615 958240
4486556 4628476
1844451 2011586
1223117 1462316
1146821 1257201
2585990 2702082
2607834 2727635
7438626 7550885
1037625 1193136
940947 1120216
686445 801769
647955 778383
961860 1126954
1148263 1375710
860419 1005326
3053486 3467432
868525 1034686
3497246 3621985
3458394 3587568
5048528 5164776
1823002 1956797
1003190 1100309
3398297 3548602
5775507 5984599
1204595 1402112
793023 946197
1200435 1339906
1105877 1264921
1230193 1368912
2836303 2983717
4260458 4759973
1656782 1793751
1677056 1808389
812366 909197
1278633 1404100
2837967 2993692
990798 1155631
1223425 1438853
894811 1038399
3371343 3487007
6483684 6590550
928481 1071657
2247516 2398127
984077 1091649
1175840 1418897
867084 1030646
3767704 3896060
3881422 8880497
9026357 9134144
11835074 11941877
11719765 11878222
18314313 18858769
15530744 15630787
28926670 29437758
1088079 1247474
7921063 8032093
1183959 1402369
848346 961984
2071963 2178082
834732 974906
2046071 2147450
4862855 5005256
3845476 3948584
6008403 6284965
1266957 1516912
1187362 1630637
1188404 1366004
997681 1142194
7295621 7407295
1164787 1340495
2192772 2312009
3493738 3620245
1045659 1154280
1961023 2053536
3175749 3351880
818656 941297
1169672 1405719
4578556 4752399
1283100 1514444
2794991 2913193
1838423 2164546
934703 1251624
5502467 5660596
6875853 6972809
4948610 5043930
5572497 5765535
1079615 1201966
1095873 1296047
1051933 1231180
676184 799660
6417479 6541037
1075118 1204447
1527983 1650834
2806067 2909495
3444669 3612976
9858857 10433899
752692 917801
799917 941432
1266030 1512224
664475 784241
797023 924197
652989 750644
946801 1042141
961305 1093259
1072340 2344114
1464529 1567693
2574011 2667601
4077500 10127394
3041485 3246371
685982 790577
1130419 1307638
877666 1027566
772680 889777
4418449 5346547
3355076 3493422
739713 873182
1658397 1761015
1717659 1834728
1055345 1254106
1415620 1644618
4344397 4722440
6096612 6251169
912131 1022140
3228666 3342475
2521125 2650417
1632115 1732308
5064677 5191915
1356829 1492340
933074 1040266
713928 826814
2023760 2177685
1254933 1393041
3895175 4064624
2050956 2157880
1898030 2019006
1283291 1401214
2061019 2176638
1284300 1384580
3799043 3902913
4986081 5084347
1227236 1413222
1756117 1860725
2976679 3073089
1292106 1425837
860763 979135
1384494 1508389
1664744 1832655
1048256 1171019
1598986 1711605
5029050 5140240
5049526 5559979
3059968 3238627
1895590 2005922
2112337 2292608
2716263 2817589
3598961 3715406
5900928 6853443
7575484 7702587
9361841 9466463
18848343 18953839
1085368 1281741
1935443 2070883
994991 1109997
1636133 1760590
777205 875176
2065403 2168259
2226240 2339433
1262988 2917609
1248331 1347451
1091843 1198319
1354702 1589541
1341199 1507481
844416 1025096
763368 876020
845342 967296
1027431 1227108
719511 825612
1898918 2021057
2984240 3099332
695671 798386
1800846 2030750
1069299 1277483
1201520 1386868
1167819 1287045
1841055 1975037
4174121 4277737
3301850 3453828
1396691 1487749
3321790 3471280
6422570 6511208
659985 767198
942457 1086367
1044430 1274702
1058901 1200924
2926701 3043323
6920743 7026898
839594 981040
1172189 1288815
2844505 2937403
5124777 5241609
1394085 1506012
853816 984121
1098548 1228971
941854 1117323
1039092 1195013
752321 862283
3268984 3373964
726687 828022
2148768 2391206
3572292 3694123
1432122 1535474
787485 890934
820736 931325
791140 897435
1160049 1365774
854473 996258
5769455 6202653
6520702 6646296
6442641 6539935
6324108 6416164
6126270 7552950
13236924 13363287
8115361 8212727
9325610 9451258
1271306 1464515
1030246 1246255
1134989 1282775
3413966 3625869
2163082 2266432
1162511 1269519
1456456 1554358
2990298 3110703
2166969 2282012
1869552 1974202
858028 997682
880023 1020679
1286082 1433962
859344 1010986
2118407 2254982
760128 862933
899620 1024729
736516 864038
1102425 3660428
1071034 1214657
1909306 2058089
1714018 1808071
3598491 3740421
1438198 1662280
796987 914885
3600691 3703837
2717537 2819685
1793860 1929834
5022617 5121018
6417544 6551916
2471173 2607599
2375893 2472950
661531 763741
1165665 1318234
1124303 1275895
1084391 1230843
6443681 6577901
2244528 2362356
2513654 2611830
3851024 3960138
921804 1048802
6332101 6551963
8483177 8589351
960201 1133494
1113157 1334230
1187271 1362700
5108214 5280190
3550254 3665441
3435413 3562989
5283717 5424940
5023105 5118094
9671234 9809077
7368222 7478116
872676 1022941
1239199 1454910
1175456 1355535
1111110 1310141
1855897 1978952
870366 965786
931056 1050333
1309737 1468672
2315516 2433440
1129272 1224624
1285321 1421383
672590 787523
1130940 1290018
1189558 1362031
716102 852008
780258 901492
779136 877614
786866 897689
3128656 3240842
2230464 2391232
1816025 1933236
2708833 2814390
765527 879135
1289968 1528709
1185570 1351339
909432 1067495
725809 833092
852679 1004651
1673168 1770754
1139416 1279002
1425911 1536825
868342 969507
636612 739149
3950781 4383219
1268605 1523306
976103 1131171
1206973 1346981
1053807 1196859
809200 933155
3147671 3249895
2120464 2241377
2206092 2329066
1752133 1933358
848702 975345
1574280 1698988
3566618 3697697
1049437 1210350
1193454 1343104
2134767 2277345
1183148 1311776
3849256 3975636
921375 1028374
716634 818043
771086 900472
839483 961940
713181 810511
813009 927520
1209785 1413418
1151831 1359954
1749665 1858063
1039190 2281842
3455974 3576149
990728 1115925
2882775 3012145
4432018 4580666
1322879 1436439
2383122 2515316
1131946 1296613
6738902 7201942
3826060 3955148
4295761 4408296
5182214 5340011
5944863 6058860
7630517 7759467
8213308 8350609
8881166 8981491
6704082 6814934
10191052 10296980
1105354 1262577
1208738 1305889
2509041 2650275
1219417 1339849
825014 941940
1619963 1774493
1528591 1616270
1310051 1431833
1601366 1695881
2837013 2940524
2290413 2468572
1188016 1284344
683573 807711
1024188 1186213
5018187 5129879
1418720 1516350
3940144 4054808
3516693 3612994
1978109 2079949
1774093 1877930
4441471 4618035
2030661 2179038
1224602 1346620
3559970 3686112
972401 1078667
4761559 4876349
1257409 1355008
1693476 1816532
3814388 4033262
10884746 11044554
6779519 6982127
4639257 4741038
5928494 6079789
3482600 3616195
3915410 4053570
9067558 9235363
3307171 3471696
2972284 3067423
4953168 5088610
5446993 5555393
1299741 1505486
951394 1063693
1591585 1733261
2837632 2971992
1230187 1349109
1060806 1176980
819645 922418
1036722 2226017
935126 1053912
730287 845480
1542337 1702583
702580 847136
754309 902356
1357091 1463815
1128107 1278584
3932870 4046179
1727344 1836329
1690318 1788815
3661236 3781861
1144736 1259838
1491845 1675287
1143648 1344385
1112872 1281715
832503 959857
5953643 6052902
7221927 7328692
5240773 5338794
4092304 4212509
2249661 2399158
8990414 9120649
1164679 1338896
630770 733907
8503501 8647980
910981 1080889
2180214 2304875
801870 940931
845106 947263
1991830 2103756
777699 875045
999349 1136263
1012874 1150327
867115 991947
2603091 2822281
1389627 1565055
851241 959104
994825 1117506
2392925 2541045
720719 834703
815911 920681
1440678 1565490
1959517 2062993
3306705 3447074
968893 1107089
933386 1102727
4559123 4723435
881801 1003533
1067024 1234431
1736482 1851388
3777662 3888776
4685480 4841440
1013390 1133006
2092918 2240986
3420085 3528025
1461376 1652012
1365354 1592752
4496562 4598331
2662981 2755183
3575868 3716857
4275587 4380623
4721446 4832574
5678507 5848358
7732922 7829171
9010491 9136535
1375671 1558124
1042909 1189628
684778 793915
2149473 2316798
2617901 2779968
1472508 1570929
4017665 4151384
1337003 1440297
1070713 1167952
671836 770550
663944 768651
1213498 1422661
1217481 1401372
1410092 1565657
1118937 1285222
4634568 4759862
2477759 2580258
3820784 3919496
6097187 6191129
1788296 1914496
1907889 2014078
1334425 1564808
1144803 1316296
819548 937510
2239207 2384559
3432356 3542330
2607526 2748425
858859 960094
1405084 1560071
4412171 4558370
2241826 2357252
812592 935348
4945583 5103945
5234035 5365421
4000005 4100353
2772158 2915751
6375042 6476252
5520659 5646435
2952655 3067260
9590437 9751864
4996877 6006415
5291401 5378687
3128661 3243046
1086107 1241715
910917 1039804
4000581 4107747
1071152 1200564
1638169 1741137
3271978 3381915
1400446 1493596
2327114 2464216
3711148 3796489
7966298 8327073
1114741 1310533
1118287 1328025
2358303 2498061
2174811 2314306
1254055 1357259
4942807 5102819
962839 1091228
2109729 2209547
1330542 1438780
1092795 1196140
859722 963836
7184873 7359918
6411567 6574747
7757491 7880418
9638528 9809164
2750491 2873370
10115906 10214082
11268495 11362373
10617276 10699063
10963364 11060952
12523689 12722826
18317231 18437489
2232391 2396767
1011498 1156944
1193839 1295152
1194762 1299678
3831780 3930890
1105698 1224663
1862748 1961281
1096534 1223339
2633784 2767637
3228673 3318553
1225548 1449498
732193 832701
1838115 1927690
705655 824875
687311 814491
759203 3078111
2109506 2226998
2808955 2934882
3866160 4013205
7930969 8315508
1134103 1331559
2751504 2920363
652018 780684
806325 911037
655045 770359
819826 920616
914632 1039755
1170379 1297231
1024782 1142681
902635 1006792
4559323 4993622
7616884 7779107
1520490 1625096
2196492 2296987
1160841 1264623
1805063 1924397
5986349 6117012
4232398 4335547
5976412 6125843
10222869 10325163
1268843 1464611
874635 1019040
766331 880870
994055 1155019
826758 934646
824948 931350
2088669 2215523
1980769 2111296
2720152 2821796
8369144 8521399
1382135 1568436
721522 843693
2389002 2630679
1248114 1404582
1016904 1162088
1328973 1449032
1227377 1352411
2361546 2467978
4150751 4295134
4826972 4943025
1195222 1369493
958928 1104800
2623697 2797927
1208145 1339383
1017745 1120750
3244748 3354229
997650 1111520
845590 946972
1188859 1304961
1634060 1755683
652038 774223
1090481 1239655
3148347 3308624
711156 829360
1745107 1878872
4913789 5015262
3277430 3384136
4276230 4412277
2474063 2608094
2574202 2969219
837349 968412
1623897 1826312
801459 938856
901508 1030373
837196 934451
869743 986815
827433 996098
783027 905494
848380 953917
951511 1066660
759861 887597
1590319 1763399
3310731 3458456
706141 830933
984258 1132875
1629377 1757033
2115711 2224472
1967793 2065610
593705 702512
984875 1102612
1520588 1618273
2115981 2284809
1225042 1333893
4111919 4260308
1375713 1476267
1741744 1842263
1824969 1909744
879211 1002387
2243453 2343028
4044268 4140113
7540451 9196370
1004715 1213437
912872 1047167
2501176 2606697
9108467 9257166
6951549 7069469
1726043 8429862
1913563 2002393
1496675 1589417
6718300 6817249
8687878 8829782
994144 1193107
953750 1117810
872355 991639
665919 763380
1188019 1331294
1260144 1379536
4542082 4653555
4159830 4269415
1117868 1236367
1916266 2040001
1178530 1387548
746360 869044
898153 1016333
723677 821480
858280 971531
1258785 1355504
1532417 1630661
1082063 1193737
974987 1074986
1164681 1261489
1185745 1382370
1261550 1443501
1337087 1501882
692706 812150
2090362 2183222
2252571 2401088
1287887 1398705
2009493 2129593
2036228 2135579
1892862 1997268
1551034 1715270
957366 1124207
1251298 1402090
940312 1038942
2161064 2367323
1352541 1503185
1042978 1144391
638827 763294
4383616 4475664
801788 921434
5565695 5902206
714094 811408
5079158 5245313
6207064 6330524
7536333 7636139
7405253 7498067
7850562 7977338
8879032 9033598
5210364 5313926
10611621 10705092
12664484 12768999
7551672 7658581
1190629 1407509
794339 903341
852685 955509
850654 966763
828008 964174
1142695 1276667
1487378 1680563
1959002 2063221
1380750 1481328
929904 1040880
1006967 1173569
4085165 4192201
1042594 1145366
1483139 1622222
3020362 3117351
3120678 3231132
1058784 1152519
1885137 1979888
3075780 3274713
8700423 8806864
965815 1124679
3473162 3643378
813562 906885
2068707 2299285
3318726 3418718
1925912 2029813
1730061 1831637
1550353 1644838
4559638 4729222
4659257 4751773
1482643 1649429
3047175 3234767
839651 957944
991666 1121056
969424 1071395
1271644 1443116
901167 1041902
1352479 1449332
2506759 2635921
3824556 3952282
4486234 4930330
858099 973476
2110040 2213970
1095244 1258188
2259750 2377718
1690226 1803448
2379185 2508618
4794757 4909538
4876446 4984610
9945850 10048366
1307469 1527168
987874 1178322
699412 818737
825901 933865
1417220 1523106
827419 966465
2263949 2366565
2346763 3949435
1814641 1934557
1734998 1837739
1041967 1186928
1180580 1358796
1987280 2153473
1131966 1232330
3636301 3807219
823101 950440
1024775 1131382
1257430 1399021
2728492 2845627
1207398 1337589
859674 994733
2258114 2386695
1161913 1271520
4472154 4578632
2561461 2662188
1109066 1245374
9471296 9674426
3028512 3136341
2053795 2153722
4029192 4146152
4748705 4890676
1562397 1772035
4131130 4265348
7808329 7955825
3227072 3325714
3642486 3743336
3088705 3210682
4286173 4393027
6842340 6987501
7229892 7361812
12186878 12579630
1516297 1751343
1862724 1988579
1055320 1205904
992995 1095594
2525283 2643730
958125 1070670
2988275 3089766
2235217 2355834
2382902 2477209
973363 1069768
1113430 1275846
3319547 3429143
1312621 1461454
3540249 3649277
7937547 8109627
2211918 2309931
1859904 1991456
3880785 4007990
1700954 1801661
5128251 5228271
1016189 1192769
833302 942408
833477 934904
1828906 1969836
1036612 1154014
2170996 2273454
1747600 1846730
3483074 3986560
2032222 2155482
2175646 2272071
1183097 1366907
922345 1088433
738810 843305
891175 1032592
999336 1099535
903135 1001191
2302508 2430534
2419333 2843403
1591942 1734425
1564399 1669963
1296375 1509519
933351 1111866
1129946 1240711
976123 1131662
1045121 1162925
819690 925545
911956 1020294
958587 1083902
2206407 2338701
4252240 4366997
1207382 1379756
1248832 1385554
729755 853494
3812753 3963282
5166231 5265183
1583897 1686805
2797366 2889931
3586430 3674900
4294317 4644090
10023128 10121095
1373941 1586756
923301 1073270
726002 859681
842207 1008557
2174029 2273716
965536 1071786
2150662 2241113
1136577 4659800
3485994 7643599
1401304 1525495
851629 982779
1160690 1349160
894155 1060489
794874 919771
774806 878995
1163399 1293766
711017 822845
1133821 1249491
2902620 2999731
2206891 2310195
2266757 2372572
916378 1099671
786864 891471
4007886 4178466
1201508 1296725
948801 1065337
1323343 1422935
1228666 1335161
1419692 1524981
3128110 3241873
1026470 4058855
1043021 1211413
1095756 1239643
824967 960960
1058811 1164699
874204 978281
1202486 1377582
4088318 4204758
991957 1088843
2207967 2303635
3062262 7493686
800591 924714
2720694 2874086
799750 932077
1132960 1270599
2405083 2503347
1683976 1820728
765612 2021457
2193155 2327396
2033697 2170900
3654291 3756493
1263637 1419472
999020 1143774
2215993 2312368
1084036 1239550
1085639 1277936
860324 983018
1154433 1325323
1790087 1890611
1845194 1978247
3082741 3184285
1250522 1471339
706976 840807
796541 905312
1459447 1583619
941459 4677586
1547247 1676252
1198649 1333550
2758740 2863515
4891787 5015622
1415792 1520862
1230867 1354294
1063592 1196753
830001 949712
1036722 1201639
1181989 1318485
1142719 1269721
3532827 3627137
2532121 2656036
5306665 5429574
1621053 1732551
860000 956683
742427 873224
1876650 2001451
1123672 1287250
1177701 1328070
1162866 1329629
902750 1034389
666249 763647
714968 836673
869714 1022939
1205791 1333952
1920017 2037175
2061156 3560742
906414 1020632
705438 816855
913768 1049064
2364801 2513279
2118496 2223550
6730716 6840083
848365 946828
1770376 1911965
753456 3014485
5242679 5810410
934583 1051420
1768389 1866673
878062 1000999
2349464 2544571
1009071 1150537
910150 1044589
761870 870243
996261 1157647
1245000 1393954
3968461 4064257
1438081 1552603
1011838 1107104
1152442 1315872
4214561 4318022
1033743 1209129
815035 935567
1714437 2166660
1827398 1942273
2532315 2652605
3135211 3229896
3971558 4069150
6657138 6821695
4552403 4952001
778379 923801
890730 981957
1892689 1984490
749999 843740
1020175 1122357
1783386 1874630
3482258 3645269
871415 966361
5297907 6478276
979317 1153584
1230127 1426239
6910301 7113492
5709179 5813239
6159978 6287821
6612383 6735447
7499809 7593980
9309578 9427437
15389037 15498623
12568081 12688480
1206543 1367907
1114513 1267375
1101997 1288295
900598 1035568
2166389 2268807
784602 884078
1912406 2010449
1048738 1141928
2038627 2172095
1100230 1207670
1158590 1310759
839286 958307
1196692 1369867
964317 1110263
769308 893536
639664 766089
1056861 1180252
930840 1053346
1205975 1306536
4012145 4131955
2091841 2205141
1969503 2571888
904264 1011358
871477 1004039
1358756 1450663
7644455 7804756
2780625 2872057
6546929 6644503
1581846 1673999
3746533 3903231
4458259 4541165
6320817 6652981
1092336 1362369
922831 1047636
762899 905008
902982 1000443
970248 1073376
633146 733325
1174345 1272108
2948352 3046197
2090865 6857592
1926889 2036776
986942 1185600
970540 1090868
729734 836609
840400 964598
901166 999345
1146548 1272872
5990379 6083460
1152865 1275914
1311409 1463690
1201628 1344078
1058614 1223474
915832 1057500
1137941 1324424
1042397 2909462
697878 861585
1575853 1702492
2799452 2907237
3292278 3422434
4007679 4110311
1312705 1412286
980358 1164348
1766656 1895002
4340387 4479930
1008515 1179891
6112143 6248046
6904749 7061612
7691808 7805735
8185173 8276974
8591992 8683476
6329522 14554964
1150024 1398829
917005 1016231
1117998 1278658
662749 772623
945439 1102751
2565734 2671974
3767148 3925105
1439676 1604550
1451344 1550747
1017606 1126601
851670 1284400
1758286 1860217
777190 907777
2609786 2798829
1156027 1332677
871721 1014942
1387326 1560536
2594084 2691921
1231360 1345058
3523029 3907845
793356 889285
1890222 2002481
3956672 4105829
5381060 5492706
7602700 8055875
1128101 1288223
876314 1009847
2145801 2267364
835303 941437
683940 783124
2306923 2406563
831173 957179
1102839 1243531
713978 815376
2099916 2231317
1554368 1667078
3076307 3211746
826962 971206
2526048 2691016
2180041 2278065
1230187 1343969
1193803 1296584
1322462 1421955
988791 1104023
806336 913689
1136641 1337354
1088658 1284824
1859274 2019081
1095340 1200769
3633347 3775498
1144465 1250716
1362921 1491815
1767438 1871966
2189042 2575128
690590 791536
1202414 1390977
3532064 3662691
1045910 1208708
1203900 1376833
1302632 1409625
2777730 2886661
1268850 1403236
1187046 1326068
1649322 1802417
988181 1101636
761917 867098
805920 931473
1109150 1301408
1198874 1409861
1027284 1181819
2331407 2438982
1152824 1270925
1234332 1351757
1452946 1553812
1616939 1718140
2067746 2196018
819832 920110
1291093 1430470
2013440 2217839
1075607 1177661
4001288 4134394
3139580 3236838
3554362 3655320
6926942 7022941
992581 1098109
6230564 6347120
7338545 7442287
865357 1178867
1073605 1245756
1195631 1403220
625054 740953
2608508 2745503
1256321 1371181
2335190 2459508
910000 1044924
2782921 2889739
1498966 1622563
1782914 1870264
1251279 1449753
1042507 1205188
1023376 1158887
2358930 2474090
752570 871587
2246885 2436681
1230835 1345829
2435757 2529977
3752217 3884995
1323961 1461286
915967 4781449
6484240 6682475
1412901 1582347
731384 834806
4065687 4178751
2188416 2312831
2676087 2773207
3974551 4100691
4364039 4459917
4732699 4827529
8473742 8733412
956693 1115394
1270173 1467507
2496537 2617950
1349107 1491251
4278840 4451134
1878420 2030877
2337211 2438615
4336351 4434040
10284244 10375036
13317395 13419124
6659935 6763855
1437342 1640127
2323115 2612653
1339009 1468175
2774886 2905021
935682 1039210
1575720 2678380
3681837 4077917
2368923 2479666
2454332 2552348
3643925 3735028
5034534 5165915
1114142 1309093
1235807 1440131
697252 809398
829693 972166
866736 971185
2359473 2466747
4055073 4176188
3302946 3427648
2377996 2477392
1666150 1780658
929226 1031630
914820 1033159
2346946 2491375
3894944 4049960
1950106 2044824
1024214 1145579
2272743 2381495
2184953 2314460
1971970 2060426
2441524 2578144
2494185 2586700
1108145 1314327
921879 1032071
2217723 2336599
1103081 1204769
1145730 1256746
1294890 1456561
4145751 4249785
5155874 5285843
10419945 10825565
9023049 9129946
1115776 1324114
1193384 1448938
971974 1118386
827297 935466
798552 2156826
2329151 2454862
3704676 3866620
1569053 1680683
5756450 5854016
1563576 1667869
1210993 1414198
869402 1027970
2786591 2990775
896941 1006638
1260285 1357934
1361549 1491077
2817224 2915855
5178710 5269313
2161311 2264932
2033950 2121400
804489 947125
1215055 1394450
659226 758556
851685 975742
726995 850460
590039 697552
753701 874244
1266634 1365426
2840754 2972872
1273506 1414274
921447 1049650
1259669 1371708
1284343 1414403
1215939 1392412
950311 1043467
6969739 7157743
1426034 1523523
1571224 1667323
2813735 2921767
1744704 1834293
2828906 2930516
913006 1066909
3495679 3633208
985019 4009013
917152 1040395
700560 804895
3051379 3145014
1098841 1197538
1849047 1964295
1687472 5527430
619753 737818
1276547 1456928
938319 1066232
958924 1059351
865201 1013768
2648650 2779818
894611 1019174
1127572 1244115
5185527 5280088
4419206 4522291
7136322 7234876
5141213 5306204
711347 826350
3646217 3785455
4317825 4443685
3533299 3654000
2167350 2259279
3306906 3403019
3396753 3494726
3919523 4455354
5464914 5643613
1229867 1423021
685232 816065
1321225 1439279
984478 1115152
6582871 6683211
3046190 3146648
2927294 3014670
2140000 2244560
7643570 7768543
772579 865235
979137 1184013
861761 981461
798296 901300
855618 999839
2176168 2274004
2073185 2201554
1489119 1584100
1777018 1908444
1454909 1551468
1841695 1941258
1181406 1372961
908660 1039524
694029 845483
709307 820343
5197905 5316744
876249 1004800
833498 935443
2004761 2108543
1014209 1116397
3378901 3478683
4702236 6492962
721605 878862
874081 994260
751485 848329
736059 840023
2313821 2454940
966554 1064587
1575624 1682822
912165 1011231
3202797 3334006
1153550 1364907
790425 916007
1110282 1210030
2042273 2142613
1316770 1451981
1131767 1252162
1398232 1519302
1820312 1925271
1968394 2351153
1946241 2184053
945846 1111110
1999348 2127675
1159041 1262241
756102 881940
711790 856171
3922433 4068241
773818 896337
892372 2186666
934317 1085833
1716693 2007240
1514969 1720657
5060931 5162773
4442832 4808774
1944490 2046872
3711178 3813013
4304356 4396272
6744778 6853850
6962098 7055119
10344090 10445270
12605476 12727334
888705 1070098
2534333 2688526
1808031 1906811
892827 998800
1080361 1178649
1097943 1196000
1096095 1220967
874718 988392
975387 1070307
1035723 1130568
1192323 1356980
1049093 1170558
737016 876354
685805 821547
742817 856936
712582 808702
2532143 2667099
2283146 2382188
2010142 2108684
841467 952097
1098981 1244676
1024339 1170164
919822 1038733
1012284 1114279
878217 978446
1675017 1872403
5687416 5784055
1803066 1905159
678722 778121
3653873 3750414
954717 1110432
1159634 1374960
908842 1080809
827092 962433
830462 932513
1026512 1123754
1237145 1364564
1051302 1195157
4819667 4917548
7979736 8375804
753990 910838
1108332 1282002
1154573 1306547
1034977 1197174
2465114 2609581
1933464 2036194
1063589 1164200
1220938 1344604
4742461 4899402
711325 830265
757576 859194
1042653 1207185
1006820 1170784
1230483 1400842
965270 1077102
894744 1035811
843384 963373
2566013 2817733
769030 887107
2003669 2112154
1113593 1228426
1939492 2043203
1228689 1462846
4084054 4549025
2830031 2945902
4252036 4382395
4052608 4151269
3288827 3410194
3826312 3920265
4435460 4546983
7565070 7662386
6795479 6911388
6817575 6935926
1288150 1468241
935448 1115913
903062 1040523
805016 905792
2014400 2121623
1012767 1114540
1712480 1833552
4657691 4776335
3733037 3838031
10640738 10743553
1190720 1395364
811707 929206
957862 1065476
2230101 2372445
1267536 1363706
1061827 1225754
4195601 4296723
4272230 4380407
5985825 6075632
1337032 1432710
1964312 2145148
876324 975649
1049099 1168022
1008722 1104799
885057 1020709
768967 866655
1028406 1153853
893630 997165
877090 973650
737813 861676
1444787 1658518
1781671 1911813
1152365 1248950
942477 1041704
4896780 5036412
1054381 1173265
1487324 1601010
1593534 1710739
6698082 6797318
5152093 5249636
4995160 5156127
1284088 1388733
2081572 2182172
3391789 3557268
2101160 2194585
2885292 2998686
3355022 3449892
4559965 4672329
6294000 6405806
7507656 7665417
1171304 1385141
1933613 2061955
1089183 1189128
3717639 3892195
1700619 1803053
931227 1026612
1085794 1189387
2391175 2488754
1611029 1748105
1145108 1295534
1031089 1195254
4616321 5130619
800909 906590
781541 912320
2269712 2385919
4126966 4232758
4404349 4496501
5360807 5478327
2769199 2886996
6118184 6228661
8494062 8603765
1484394 1649923
714757 813828
776921 879307
1182083 1366318
912093 1031456
1059918 1181092
2995480 3094293
1805165 1921080
2346605 2443116
931440 1080384
1635808 1769402
897593 999144
3303308 3442675
1114628 1286479
1828060 1933628
1030607 1131850
1030829 1153189
1126563 1224217
1057172 1180362
707913 807976
7217055 7388402
3095149 3199154
3677209 3804607
4317823 4438725
4983419 5103241
5450631 5599177
7016672 7108743
8810106 8912602
9673268 9776950
15465291 15602553
1081532 1276020
1083097 1281872
1295658 1413898
2616537 2737698
1235257 1337076
2804276 2961052
817337 919641
1105512 1222229
2790593 2886085
1820527 1927789
1282822 1483357
1168317 1363864
833811 1001390
3272608 3473691
4598023 4720107
2312300 2406598
6385376 6536670
2931341 3053544
4123651 4235840
4858162 4969658
1032933 1204268
1241706 1453492
1115757 1269058
1089955 1261626
952390 1067415
2048390 2195493
819522 920660
880055 1002056
3935582 4038689
2860378 2968980
9774234 9886231
1364604 1547630
919699 1082832
966307 1117889
683249 803573
2057746 2186559
798531 924252
2072745 2186454
671244 783407
866097 976929
816611 910429
895107 1007570
992305 1152101
992461 1157468
790038 902651
2294023 2448632
719562 844659
1875337 2001317
1453076 1558919
4326670 4449170
4670215 4768820
4962314 5067933
1421079 1564091
778501 900996
4449733 4639229
2696412 2796720
3192971 3330516
4243627 4358067
4907352 5018774
3312384 3403348
3499089 3591050
5412164 5540145
12995003 13096863
10312715 10408997
1122754 1249665
869465 973589
1509605 1615824
699890 803240
1673948 1766872
9241330 9389242
1164838 1260021
4550396 4658682
5190273 5283434
4502407 4603687
1022270 1167298
773283 907604
686493 791313
5075657 5236642
1109626 1212571
1013340 1116997
4031718 4165603
1449863 1571428
2835043 2931717
1445265 1545405
1410547 1622005
1004124 1216898
5491228 5686063
2095245 2192874
2798758 2895711
4754863 4856356
5430019 5530160
6555666 6664313
6238295 6357254
12339514 16101763
1114796 1283451
1169536 1317514
1213188 1442898
865676 974056
1142180 1241904
816671 935270
2139625 2245064
1271881 1373069
1088782 1237936
805024 913828
1032014 1185888
3502806 3662899
1146934 1315583
1289364 1442301
3993364 4089169
2861668 2955862
3791439 4002066
2180783 2268925
2227306 2329635
7284450 9059425
9627386 9765384
671835 785819
1138102 1324210
1169286 1271297
809247 938351
862217 978756
704817 802525
1165819 1267200
2287007 2381151
1372849 1472692
1149760 1249773
1735980 1837814
1220541 1416712
861168 981676
3196306 3348637
2116986 2224915
1462377 1563701
1277570 1382211
2058433 2154815
1230307 1331813
2020695 2125683
1609093 1716034
1116618 1284884
1201314 1371074
1090410 1206459
2249287 2382950
2258468 2370133
3892896 8560176
5804239 5920883
11335433 11446529
12499505 20400905
19352414 19454854
1145790 1321679
1520330 1640631
997164 1101917
3835058 3974858
6017269 6176549
2844343 2987536
3468797 3574791
3984377 4138269
4665219 4775835
6564654 6716503
8142422 8243700
902336 1028480
823877 961287
3721158 3885750
1229655 1346582
1086867 1219408
5874548 6035957
1839271 1934769
2247400 2342321
3792302 3877458
3703593 3808138
1199374 1379903
861116 986484
2486976 2667169
1829168 2035450
3184204 3278124
1129620 1245775
1864458 1960625
1728175 1835431
2128716 2267775
3343099 3442931
953119 1092523
994402 1161356
1013149 1158908
4218672 4335557
2384522 2489943
2937252 3062008
3685649 3784302
7054471 7174287
7816498 7914275
9772991 9872554
11920840 12028512
1222246 1413960
845311 1012340
865306 984957
2512076 2656075
820331 946301
923205 1030689
698981 797339
780224 902135
1072951 1171782
848863 947691
1138866 1303608
1090748 1288715
1015215 1160748
3060962 3166026
1832395 2136342
2310240 2415590
1616553 1742519
3937580 4076255
2587452 2693007
2469262 2577845
1373459 1575089
893364 995507
1194715 1373102
1618425 1834526
1135293 1336519
1245355 1392447
2581109 2703048
5912326 6039817
1710871 1812357
1417868 1521481
840458 934665
2228167 2351949
1053439 1186423
2603218 2772806
868795 995453
2387925 2531098
3248545 3347956
4389398 4492780
5830971 5930901
1592497 1729443
8438545 8538301
9081556 9186946
8994211 9167147
1016867 1178768
1192813 1386602
3470215 3584495
2669156 2764032
1729418 1846833
4976154 5072088
6087491 6184419
7286606 7397626
2121222 2252225
1150153 1315149
957674 1111550
1201563 1413933
1108873 1283414
863031 989828
653692 751295
780877 881092
2428454 2530780
1332066 1468028
1916588 2025492
898835 1008716
1488354 1585516
1154120 1322525
1315550 1492333
1160998 1281433
2333325 2431440
3929134 4072903
1471261 1605553
1046815 1174777
1012550 1142443
1007309 1115010
1416474 1513144
1433465 1522128
1256523 1448126
1069016 1234172
948099 1152919
814794 930025
667538 783413
861712 991885
846793 967196
1955755 2065705
1105061 1201288
1053681 1149772
999141 1170484
1228672 1419924
754138 882949
955335 1054972
3520293 3634569
873092 1004879
3276543 3418548
2144865 2238210
2728755 2844985
3256598 3340132
1554293 1669710
1297674 1517620
1110188 1252230
803053 949257
1839899 1958164
1035219 1155465
635623 732954
858499 977106
2254283 2352348
1910101 2015589
1166437 1255789
1453939 1656502
1347525 1503378
1095870 1303852
1181265 1302541
1262165 1391377
1891881 1991216
4055685 4164303
4684939 4781044
9454573 9565963
6853512 12061956
1351511 1549549
1152729 1333820
1310670 1523638
3026514 3254961
4397877 4496946
5684628 5781770
7066806 7264818
6420620 6526093
6322131 6428917
6376846 6469255
1221105 1434979
1281897 1429558
1027729 1178373
4897720 5059815
2974713 3091044
8440095 8554801
4722391 4825301
6683674 6784409
5485930 5580896
6644096 6815625
785973 931271
13091613 13561048
1331477 1602444
1043632 1179343
1250036 1406634
3756789 3886476
1656633 1768578
3459583 3572119
6219843 6387695
2247709 2366396
808414 916485
1120061 1295081
927603 1079215
1148145 1295688
1313588 1515049
858963 975205
2382958 2537331
2613177 2733520
1313065 1423698
1196368 1302513
908551 1019059
863477 971849
6723520 6809569
1644964 1766710
796807 916157
1121241 1287642
862968 992614
2531418 2700002
1007322 1129061
2410357 2536330
1315024 1410480
1489365 1577951
1739903 1828899
1610782 1694265
834312 934516
959662 1114627
1309252 1467644
861994 971529
2152304 2245243
1211993 1325971
3524100 3607460
1335609 1452621
1085797 1199410
1584084 1697828
1034161 1118422
935070 1044115
940298 1091976
1129459 1280163
809432 934939
1787843 1946576
963860 1062623
1076969 1177616
2095258 2179100
1188507 1305729
1341392 1433955
972455 1058679
976127 1121454
1259678 1423872
834863 950179
814188 928054
2023449 2110593
1017355 1107119
2071018 2262799
1908925 2014654
1809420 1931809
3715352 3870527
4682957 4820623
1217588 1404835
774517 863951
4208005 9326433
2727166 2830682
10528810 10612078
1254415 1347068
1183886 1277410
980811 1130404
1293396 1384424
2096017 2261574
1129846 1315984
970017 1137736
788104 892912
1033429 1143418
833991 925881
824769 937538
2205527 2301290
5008056 5111149
2244343 2326398
1188557 1280889
1141551 1319342
798728 950395
1528907 1712569
981405 1098974
2209427 2321799
1042485 1152763
2933482 3028889
1777096 1878900
7169083 8220316
10321618 10629157
807028 946112
2425610 2581976
1257280 1430598
906565 1010651
998717 1135085
944690 1047562
1033159 1162254
846930 971162
1017667 1126235
786723 885064
830830 955567
1058042 1154953
2460197 2639370
1536238 1641451
4282064 4460254
3217094 3369236
2312688 2406383
1400220 1493799
4760551 4867042
2612225 2710136
763102 903631
2491085 2637827
1379674 1589255
905112 1001797
737616 855986
3375052 3464831
790139 896344
1963141 2048201
8494816 8651304
1468397 1552505
1553096 1638421
2342919 2445214
1125085 1274450
874561 966348
756744 874077
2085731 2181007
996307 1084250
991004 1081187
1005288 1115524
791343 884116
1199917 1292348
937640 1049841
1190838 1370168
812122 927166
817654 926896
868827 961250
676379 764996
2272762 2364312
1525518 1630390
2394259 2519904
1762402 1874385
1209416 1303804
1243460 1393522
783864 874711
826868 927256
878051 978191
3990911 4082232
1527289 1658852
4503343 4626073
2223628 2308612
860140 970307
2046147 2137278
1052012 1225371
1136596 1232363
2386452 2504961
1992308 2085055
4346215 4459206
2567860 2679880
2980462 3074073
7423511 7516551
1378332 1495409
2938761 3129038
1384303 1554681
2129825 2278278
629693 719499
902239 992577
999104 1118105
1036639 1150608
1088456 1181443
7095323 7222129
2100674 2193252
1828228 1912261
1010831 1171292
767386 879843
2294596 2426697
1193540 1470529
1317971 1421194
1311028 1410614
1943498 2064830
3372163 3501727
3983202 7801610
8884109 9256530
976589 1105304
1147183 1285798
1023332 1169344
904190 1053715
2532062 2683292
2352261 2569373
1616685 1716611
988943 1084479
2262869 2402844
4629424 4718917
1004729 1128129
1508121 1684988
972201 1104055
1191160 1332400
1011841 1159637
858308 985509
1020475 1123191
3230897 3321018
2359014 2444279
4770244 4865577
1378121 1512726
4404792 4570923
2915762 3038103
8510226 8661250
1242852 1399017
870279 980354
974623 1104206
2571737 2697422
1023175 1119992
2143242 2229143
1137038 1247395
4385913 4489290
1106497 1255190
963400 1158317
1332900 1529800
814963 935510
2203195 2360145
2069146 2162282
1025184 1116841
5577152 5714330
7231051 7329829
7130906 7213884
6986723 7064590
11603517 11968418
1135631 1286115
1074226 1174465
1822076 2321394
8291787 8415319
993311 1112719
1736742 1839324
3387492 3528748
967334 1111471
2028812 2137215
3311689 3422134
875113 986153
2440086 2527467
3184605 3313166
2571226 2719834
5768303 5872034
1687850 1809152
7549458 7677796
654319 749004
2811516 2902283
1952781 2043378
1798716 1895508
3275152 3364170
1544660 1685688
1171639 1285004
4552413 4681988
6884365 6973267
6084587 6172613
1474351 1599595
6697999 6846050
7891667 7979442
3440100 3544141
8484042 8573306
4827769 4981131
2375513 2462757
2842257 2926834
4705652 4816922
5532229 5617926
3679322 3769093
4725765 4817845
4342210 4432214
9788717 9922221
14854130 14946666
1077228 1262883
918834 1014124
4140213 4271000
748693 858536
1881077 2040459
1763092 1898297
2293972 2383378
813865 924017
1930677 2045458
9188556 9368429
6022849 6200120
2841380 2983707
8009615 8125832
5291553 5940712
3194732 3289192
1923930 10468633
5644189 5731538
5553060 5657840
8146262 8235184
6365345 6467769
2044437 2194344
2501242 2598208
5243165 5378994
2301517 2399464
1161790 1257840
2786881 2878465
1884231 1990542
2006361 2138964
2434742 2531032
3432178 3534750
1144999 1339419
828896 945556
864431 987731
976121 1121112
723211 810783
972678 1076206
1108191 1213805
1524674 1733571
1330279 1420162
1870209 1987518
999779 1091236
3923371 4058670
984664 1078098
2350294 2464896
895121 983476
800730 895302
920176 1060453
2613267 2749013
1581185 1679105
1165742 1296268
1110167 1199154
1238066 1387918
2474852 2584723
2745689 2865456
1209847 1586317
5590472 5727996
935214 1022928
4753294 4839981
1295840 1484853
888065 1020984
2477767 2609817
1217907 1437502
920369 1086022
