1840239 10653483
7511365 8621349
1469559 6401789
2784319 3562179
3318503 4008004
1398415 2258655
1848919 2524252
5799268 7806699
1634420 2445343
6632242 22612689
1525934 2563581
2292159 2931264
2247943 3557566
5496659 6618997
1285580 1936820
1615333 2365598
1541369 2246949
1283510 1924061
1695808 2338755
1535086 3622694
1580059 2125486
1977879 3041513
1264088 3519424
2210953 2939773
1537829 2355581
2368393 2935882
1376776 1952195
1497065 2243816
1655221 2376461
1105510 1641620
1644473 2238456
3415694 4772611
1371476 2756485
2990978 3675473
1888219 2750373
5939397 7220598
1265521 1825714
1297685 1961907
2510991 3065657
1367539 2008890
1344867 1946874
2182277 2817451
2550694 3218439
1293418 1850547
1220989 1827385
1882826 2453023
1244496 2962545
1317388 4335908
2082122 2753415
1309821 1873576
3051854 3636345
1935839 2634167
1120256 1654290
1508909 2437551
1320771 1927133
1517270 2222162
1520694 2158399
1068938 1645915
1194854 1741870
1428047 2050278
1269432 1803503
8263090 9820718
1265740 1849561
2992232 4446208
1448285 2024177
1134100 1706334
1253388 1797892
1354501 2028652
1247695 1791259
5915200 6471503
1142208 1665850
4341537 4932794
1289107 1862336
1203228 1696443
1337866 1843532
3191856 5533007
1142992 1645947
1531007 2110776
1312771 1845154
1039005 1499927
1260952 1800461
1227166 1702444
1232461 1762950
1238498 1767448
6270888 7416361
1502376 3428079
4671594 5152833
2038848 2515935
1748299 2241153
1863089 2324180
2226612 2760278
1529116 2031759
3188577 3705768
1313068 1774931
1423222 1999828
3388459 3994808
1303656 1742506
1675206 2280184
1475125 2069755
1165274 1662006
1166220 1613831
2031377 2494184
4084773 4586175
1131548 1586781
1669302 2141980
1180146 1647454
1363766 1880273
1626563 2079506
1248699 1756992
1431260 1869447
1107307 1568527
1689844 2227910
1685297 2143912
1211285 1658483
1502329 2059099
1518276 1989070
1690771 2280359
3634006 4218310
1388060 1965614
1270911 1714999
1320553 1846087
1082764 1521180
2206361 2657263
1437548 2018887
1144897 1654894
1139274 1659240
5085704 5633848
1817441 2559869
1347132 1815296
1085989 1480019
1258363 1671702
1278859 1756335
1240831 1697716
1195620 1622010
1417016 1851286
2504235 3018572
1144057 1553644
1259098 1679602
1718903 2159402
1264044 1646689
1083055 1471482
2047804 2565186
1193720 1647629
1200213 1599019
1112378 1613328
1204917 1641457
1502658 1915663
1130619 1530776
2336985 2768129
2759049 3285775
1261299 1639834
1105865 1522722
1300727 1707880
4487800 4856525
1384520 1849752
1332108 1813845
2019662 2560143
1346015 1811460
1222901 1614215
2242198 3724407
1289790 1847045
1137238 1543913
1139897 1556024
1298202 1805199
1443215 1823458
1424978 1889859
2835904 3297203
1091115 1524307
1288163 1737664
1307360 1781732
1284140 1772195
1399831 1808361
1123456 1506915
1389180 1823324
2903232 3333703
1178336 1618243
1294073 1764664
1386649 1851670
1040339 1441413
1332599 1754489
1253421 1681660
4404472 4972192
4486431 5024840
1355599 1813639
1175035 1577257
1337551 1795146
5863947 6266464
1349238 1796206
1307003 1808080
1611100 2114568
1243658 1710920
5576603 6094674
1346381 1769312
1287188 1706365
1261453 1650185
1371184 1846988
1129526 1513624
1104856 1532284
1400258 1777920
2648503 3119514
1284200 1740214
1105527 1498485
1211139 1619558
1183920 1601581
1229259 1637176
1279238 1742534
1171624 1538244
1096575 1528999
1055222 1443169
1274935 2943283
1288890 1673410
2003742 2495895
1397892 1887994
1246152 1640600
4572653 5006300
1333306 1790402
1239168 1712891
6547155 7586441
1298169 1737116
1226826 1730503
1574392 1975527
5156837 5640799
1139450 1593087
1469893 1888993
1256849 1650552
1448837 1936157
1364462 1767027
1318566 1811741
5888313 9612528
4751828 5249185
4492127 4858397
1429713 1903533
1166587 1529151
2015559 2449201
1245961 1643778
1395383 1835356
1491509 1942436
1178034 1551822
1314243 1722276
4375798 4761911
1307356 1708139
4622403 4981356
1614752 2082015
1776394 2202720
5948671 6361659
2684357 3147562
1168267 1571687
5681415 6040618
1109593 1474873
1213187 1606043
7268830 8180179
1089161 1478224
1140371 1527591
1228356 1632678
2200535 2586744
4863584 5713162
1333789 2305354
1428250 2120936
1211251 1565645
1195875 1544806
6210792 7034720
1019271 1389481
1417442 1804664
6187432 6950491
1160183 1504863
1043300 1403717
1267352 1715990
1101933 1461164
1002152 1332263
4562563 4886054
1113285 1448912
1478970 1894043
1127110 1460328
1891019 2343757
1178100 1542584
1197397 1559461
1212557 1601338
1281873 1647838
1489876 1895080
6599462 7443307
1217215 1607863
4459746 4826582
1486549 2034930
1230998 1622660
1057724 1395582
1211696 1587204
1415598 1824301
1668903 2181324
1274860 1739875
1025765 1375769
1194869 1579961
1240285 1626302
1432578 1784350
1234446 1575500
1576073 1992819
1223887 1592834
1260037 1631419
1173369 1543045
1042163 1375222
1207891 1552638
1581495 1907373
4508096 4864063
1209385 1593407
1151570 1478943
1042290 1388626
3112276 3635597
1286580 1641415
1076730 1405897
1226752 1570474
1255003 1620083
1002087 1355325
1072762 1429262
6159204 6922399
1210090 1593829
1085740 1446030
1115293 1444756
1208896 1513579
1212729 1570763
2104766 2460166
2499898 2902435
1491030 2118528
1258173 1670232
1216566 1580686
1170554 1545193
1286875 1634569
2485077 2839177
1114749 1420975
2412144 2780617
1203674 1544357
1220429 1587606
1143037 1488684
1244838 1592575
1345784 1733590
1256479 1633288
1309748 1684122
1780487 2100571
1193136 1587790
1192169 1491110
1234719 1764769
1169270 1487185
1197562 1588921
1363136 1731747
1183438 1468619
1417669 1760573
1056932 1395506
1041317 1356074
1265220 1597838
1186358 1499847
1065180 1401385
1446338 1760039
1269151 1719533
1721596 2053434
1202067 1506362
1485062 1790972
1108568 1404049
1031507 1328013
1652404 2041996
1533950 3388097
1262844 1619837
1415753 1728146
1482401 1827056
1202992 1497157
1251274 1616481
1281468 1630091
1288053 1574477
1340431 1673997
1306163 1604348
1210866 1515628
1261325 1616260
1312459 1620444
1232316 1584604
1120956 1425363
1399577 1699193
1171422 1475863
1142476 1443685
1175086 1473682
1293139 1642216
1410670 1733599
1985865 2387854
6040710 6890763
1321193 1700557
1071374 1364228
1169780 1470647
2402327 2770159
1448913 1846884
1268520 1587087
1181397 1472351
1569187 1964396
1243552 1579814
1208081 1517328
1134938 1403227
1011350 1306264
3117547 3425265
1219357 1521676
1763563 2164487
1711133 2178115
1833850 2214013
1473070 1819979
1069215 1329389
1297604 1620045
1892680 2214906
1529843 1871304
1247649 1515489
1371197 1652782
1235809 1574959
1705440 1979399
1259383 1544699
1157982 1430352
1344455 1609409
1222496 1537828
1450473 1723477
1437203 1727752
1259862 1562087
1080613 1356235
1294218 1571773
1212621 1510747
4526085 4814061
1078013 1346459
1454209 1739992
1241902 1530432
1237632 1507218
1158650 1476446
1412394 1756203
1138373 1406908
1348128 1649646
1030760 1307221
1236249 1504873
1263532 1585787
1167020 1468586
1698787 2122467
1081679 1358020
1178538 1569342
1126638 1420662
1287473 1640596
4695131 4994398
1727264 2080974
1686714 2056376
1133090 1415284
1142110 1406274
1055519 1338969
1428269 1740829
1294670 1565557
1222906 1491258
1802757 2136602
1129378 1414696
1259081 1577455
2248772 2609908
3314067 3733917
1239772 1660428
1214089 1478015
1683158 2022463
1132582 1403267
1189682 1489791
1153987 1425196
1014909 1288023
1842428 2166812
1045695 1291501
1276687 1526910
1120445 1386062
5918681 6543147
4441210 4715308
1189656 1479233
1572754 1828489
1235710 1532901
1147858 1440801
1256443 1530018
1422115 1723760
1296923 1568752
1218204 1478153
1169515 1480837
1080087 1344014
1249081 1593971
1672938 2054617
4657301 4944894
1210764 1464005
1465900 1772450
1161948 1430262
1225379 1489965
1310585 1601308
1492356 1810386
1224027 1539760
1053338 1322318
1311490 1619263
1116601 1414300
1771004 2115821
1328343 1630163
1097727 1373792
1004214 1268193
1178294 1466002
1352198 1663778
1136100 1407087
1198404 1474355
1418927 1692445
1301480 1598536
1228827 1510909
1134457 1401905
1187609 1479857
988139 1265043
1417036 1753611
1114949 1419928
2793394 3195994
1411722 1713514
1155561 1436176
1609183 1858112
1148053 1413943
1221784 1480345
1316477 1651279
1370377 1636294
1779006 2115981
978544 1270822
1109156 1391845
2517815 2831397
1027287 1336076
1248073 1562074
1003615 1247010
1141411 1439656
1146253 1422426
1168695 1442148
1253633 1527587
1153528 1399634
2027670 2342620
1431361 1708176
1053549 1348081
1114523 1384638
1099078 1371743
1219896 1483160
1074527 1340758
1333124 1636091
1030428 1279241
1061699 1325868
1574006 1813961
4606735 4845218
1438088 1781046
1047028 1274521
1112908 1402686
985357 1237802
1227018 1520725
2279501 2594214
1043771 1335685
1264397 1515920
1211952 1438216
1315732 1589567
1392809 1668447
1243610 1483029
1254458 1494079
1663514 1940381
1202226 1447535
1687604 1950835
999532 1282004
1167773 1425518
1187542 1489901
961550 1211291
1278009 1523730
1677349 2012702
1371343 1656002
1047793 1287968
1242649 1516986
1281162 1524528
4621571 4860256
1119793 1365302
994152 1270580
1125962 1383207
1110665 1353912
1187908 1441094
1098437 1354283
1156332 1427980
1389508 1638297
1326830 1577022
1056014 1320730
1047829 1281206
1230696 1506937
2844082 3198522
1466510 1782717
1991388 2233158
1277075 1539681
1297649 1536426
1220677 1486345
1374887 1668496
1221385 1495023
1608794 1893947
1513676 1770540
1130302 1389195
1208283 1488437
1117057 1396139
1211435 1492699
1555640 1846804
1344519 1597564
1150826 1393805
1046969 1293577
1200312 1424247
1055740 1325393
1194982 1442200
1118289 1353088
1169608 1433063
1277998 1553561
1169499 1422111
1310990 1599516
1145621 1388325
1168117 1404105
1629158 1945977
1198962 1479562
1298458 1549044
1376197 1672943
1371536 1673624
1220075 1499276
1217429 1500258
1692408 2006358
1143782 1402779
1185640 1430950
1741529 2023822
1338060 1579499
1063043 1311988
1240592 1517763
1109643 1342190
1339195 1619723
1244907 1533495
1363460 1596310
1699764 1992761
1035350 1310346
1023298 1279002
1501673 1796144
1446426 1691174
1082215 1330340
979146 1223233
1400992 1642393
1188258 1485632
1539266 1818732
1587200 1869632
4488159 4738493
1210507 1465749
1183297 1453656
1225118 1489826
1201134 1466408
1176782 1427070
7213665 7752883
1508774 1791918
1366617 1644800
1146402 1422499
1044688 1290655
3843203 4179885
957058 1262361
4056820 4388089
1245509 1492257
941412 1204986
1196304 1445155
1345015 1597165
1313223 1560165
1241002 1521530
1109925 1360870
983734 1239388
1495498 1774535
1336340 1583010
1189299 1441769
970543 1199066
1457769 1782458
1268349 1580400
1410592 1652181
1030420 1278380
1278892 1547130
1136956 1437828
1031378 1275946
2416629 2736140
1332489 1663293
1138655 1379468
1176905 1448356
1465120 1843621
1270318 1546108
1201903 1442459
1270383 1515199
1276056 1525515
1597716 1855812
1084003 1325797
1226544 1474876
1192972 1476703
1287240 1542304
1369644 1641650
1153199 1457779
1162951 1436599
1171042 1469243
1232035 1522703
1249037 1529508
953710 1238511
1200322 1438373
1165753 1410753
4480057 4720312
1057096 1300932
1312951 1621913
1221311 1517775
1202453 1601671
976391 1282569
1356235 1695122
1166069 1406414
1370926 1662264
1348348 1581819
1194285 1443461
1194812 1462679
1010615 1238259
1121033 1396506
1770932 2091368
6071372 6718474
1140178 1422741
1183391 1454834
5658120 6315409
1287783 1527191
2099937 2388430
4554256 4845298
1223394 1478508
4352960 4628093
1594666 1855562
1650658 1953569
1278893 1519648
1115678 1352028
1220907 1496832
1355567 1629950
990231 1224274
1364296 1622559
1159636 1416220
1027213 1294389
1197816 1507303
1203353 1440088
1196713 1500611
1196880 1464582
1119285 1361907
1161792 1435703
5801973 6387447
1341741 1573960
1150250 1380062
1294924 1530155
1299442 1566491
1196253 1454516
1291231 1520551
1651290 1973365
1086828 1330341
1501066 1779376
1253678 1553444
1053456 2525415
992474 1237936
1573573 1808359
1512844 1788503
1016688 1262789
972225 1210862
4461162 4724867
1183202 1454706
1524842 1831755
1226884 3573006
1389912 1700525
1069173 1299232
1089980 1359884
1345930 1664152
1387907 1639967
1015912 1255502
1119949 1349800
1327725 1591531
1127016 1385643
5587604 6139005
1382990 1676409
1232425 1487496
5894023 6476027
1160415 1386512
1223850 1495760
1356348 1665380
1302844 1569878
1011698 1286996
1094429 1386723
1133664 1366469
1250383 1531549
1334586 1601896
1175572 1477922
1153803 1466121
1142113 1419382
1223666 1475915
1250176 1524077
1097430 1328365
1394872 1621389
1357078 1666960
1269501 1572265
1272777 1510170
1169207 1439494
1433532 1698894
1137832 1375329
1196657 1479381
1562881 1827376
1070667 1287588
1211269 1444019
994994 1263059
1267982 1543946
1169008 1395607
1107169 1340197
1496517 1801427
1419403 1703259
1080508 1328854
1188476 1424573
1429766 1690532
1068411 1330896
1180830 1449549
1126946 1359035
1163115 1442471
1024030 1272015
1683838 2000564
1030649 1258156
1479166 1733662
995435 1224715
1115856 1378754
4153808 4387226
3252228 3661186
1275376 1539366
1301775 1566903
1157522 1415987
1117073 1362925
1822527 2152044
1403947 1677057
1270409 1529303
1122811 1392662
1022928 1262570
1235608 1497247
1257177 1500661
1046313 1292955
1140792 1412896
1506269 1731445
1335698 1597524
1522208 1741325
1152636 1378013
2017549 2309686
1237261 1516977
1125719 1361884
1197634 1515455
6062912 6645624
1195170 1438727
973887 1229925
1365687 1608334
1435637 1725450
1180066 1438052
1584386 1900036
1038705 1280370
1420715 1693276
1197399 1426081
1134603 1368700
1141464 1368033
1169731 1401627
1207516 1504053
1051119 1281896
1202027 1486836
1022985 1246766
1145346 1378760
1005514 1255273
1177108 1398520
1448156 1736125
1545107 1782167
1223449 1506751
997377 1257406
1224209 1461973
1149946 1424227
1027016 1271116
1420248 1761048
984981 1228550
1287602 1525465
1184160 1455264
1188586 1447183
1240983 1481987
1370980 1599738
4418179 4660529
1193763 1459712
4295737 4534988
1074652 1298391
1359778 1584213
1149901 1457503
969905 1211604
1109007 1350637
1033346 1264765
1086159 1333368
1146840 1400485
1231371 1524591
1062061 1286914
1976801 2284177
1193720 1453545
1044288 1292227
1195486 1470076
1170220 1403369
1049281 1299946
969204 1227503
1307191 1581633
1156014 1398269
1032169 1252663
1092659 1336733
5838919 6440747
1043489 1270574
1510892 1789069
1069811 1309505
1293486 1590725
1328396 1650505
1327991 1609018
1179265 1437891
1266847 1518304
1182651 1453388
962870 1190541
1238875 1493363
1149710 1427433
1092661 1325612
1163608 1396547
1473078 1702224
1208976 1464826
5878085 6472024
1171722 1444484
1242250 1476069
1168320 1400170
1128963 1360691
1152465 1388003
1142072 1420574
1093108 1331543
1272392 1579651
1197986 1452410
1445501 1728522
1376313 1619692
1084388 1332125
1171520 1409337
1624007 1929693
1202440 1485457
1300589 1596872
1095920 1385236
1267342 1540355
5911928 6475926
1414472 1721140
2359484 2612878
1041889 1267461
1169532 1437603
1246271 1526649
1117046 1353597
1441189 1724630
1156061 1390993
1203963 1479352
1210958 1448879
1173393 1437624
1121537 1359166
6259214 6833038
1158106 1400782
1567984 1804259
1129515 1446972
1161957 1423377
1296648 1568411
1041509 1278461
1389379 1620207
1170447 1414117
1007438 1232125
1305433 1550351
1288877 1548990
1131995 1404056
1225055 1504999
1480710 1787161
993491 1221589
1108980 1367057
1233890 1522666
1314544 1533943
959238 1198934
1186333 1416715
1194947 1419751
1107796 1348425
1528753 1764858
1478724 1746018
4507705 4771285
1333863 1608536
1205616 1487227
1188697 1461329
1597682 1851849
1252983 1539874
1180027 1452705
1119104 1373088
1154397 1420710
1236591 1509299
1030494 1306580
1183316 1412883
5673039 6273832
1304520 1531299
1266559 1561894
982626 1234025
1148813 1407205
1366584 1639464
1514741 1754848
1319152 1592281
1169354 1430800
1081393 1314512
1216799 1445419
1180192 1435962
965698 1200704
1360642 1625258
1243511 1523416
1144532 1379220
4217281 4463748
1167854 1414067
1234649 1526955
1272627 1538787
1179149 1413383
1159918 1428234
1157614 1401464
1334469 1586699
1241226 1517376
1693412 1987747
1524058 1782771
1321012 1605941
1066180 1296416
1241877 1517865
1083013 1324748
4430580 4675684
945422 1177601
1194396 1461550
1664531 1969357
970448 1202636
1170487 1425162
966268 1229039
1030163 1247803
1172934 1402322
1089450 1307873
1179107 1453482
1096515 1352797
1235669 1531195
1069764 1294913
1095211 1373918
1216154 1487804
4546348 4808548
1192539 1425986
1156074 1418820
1192352 1441884
1077216 1291902
1129643 1429505
1451931 1676024
1429177 1655573
1431051 1699026
1040155 1275391
1122886 1358278
1199822 1471103
1256994 1485434
1180538 1454267
5778375 6347617
1154241 1382750
1157276 1377964
1231554 1477302
1370666 1644377
1118152 1353763
1039199 1276931
1105390 1337116
1187537 1426204
1203752 1475683
1167097 1398595
1186345 1439217
1161001 1434593
3023336 3398130
1243841 1477242
1204788 1466973
954031 1183649
1080827 1317067
1205812 1434588
1145831 1387741
1127502 1425015
1179285 1422117
1164067 1399138
1275617 1567600
942156 1179693
1463282 1757596
1172428 1430945
4579973 4842064
4733508 4974807
4421734 4703771
1293341 1538906
1649713 1914510
1088119 1334319
4702650 4939775
1741169 2082121
976486 1203377
1201272 1471304
1201656 1458142
1211242 1454614
1295608 1533119
1174194 1411136
1172488 1405391
1185403 1448055
3087270 3391389
3647619 3973221
1135636 1427336
1134461 1358224
1564045 1896222
4478963 4707696
974694 1206480
4443758 4667226
1170833 1427440
1285510 1506998
1233141 1525149
1150844 1375029
1253154 1504839
1041645 1282951
1175566 1473498
987844 1218354
1157925 1410290
1414218 1682527
1193902 1458783
1186163 1452588
1135599 1405212
1251710 1529043
1219556 1494197
2061124 2416751
1331563 1558679
1184811 1449801
2011121 2265400
1228953 1480087
4364378 4591497
1003131 1245508
4400775 4631707
1055117 1286785
1437926 1708392
1118573 1350354
1197567 1477374
1007520 1249543
1144025 1393006
1145671 1386381
1143798 1414356
1097110 1329300
1186127 1471197
1250014 1575373
1219984 1450461
1086796 1323710
1050631 1306444
1016243 1276808
1271955 1504903
980111 1223693
1125931 1375277
1028841 1271794
1087050 1334223
1250541 1540979
1427867 1709325
1214538 1486745
995160 1220379
1264838 1489815
1378699 1672129
1091314 1351518
1246952 1525730
1173536 1473702
1283216 1511976
986012 1218451
1475824 1722699
1611985 2038139
971589 1196520
1206709 1471659
1406664 1640393
1156051 1395026
1214837 1465517
1470453 1791835
1166007 1420298
1303221 1569559
1271912 1507475
1539730 1873500
1137090 1358230
1325107 1551909
970207 1236339
1310209 1574471
1103553 1362247
1181168 1461581
961327 1199007
1111895 1346062
1189609 1465435
1226909 1489010
1223657 1539369
1225319 1498583
1120698 1365561
1299192 1562445
1422633 1693596
1712462 2000370
975685 1197053
1206734 1450051
1180610 1422366
1187172 1426800
1008919 1252106
1256125 1539804
1100930 1384242
1343600 1628908
1085492 1346527
1164210 1398058
1153377 1410935
1182787 1419349
1186420 1452829
1060988 1297633
1518809 1779677
1278452 1550061
1144434 1409437
2718039 3074124
1181083 1434571
1421492 1699636
1411016 1719628
1062969 1336928
1279051 1514941
1475950 1791449
5985299 6588320
1121338 1379078
1312767 1525780
1077690 1319591
1501030 1755259
1162676 1406738
1217021 1534661
5425835 5996201
1204082 1446682
5582775 6143848
1243294 1520039
968969 1238582
1337842 1585449
1221501 1443038
1108817 1332956
1414885 1737187
1390500 1642033
997464 1260036
1155818 1407714
1167256 1428291
1155630 1424079
1092170 1331803
3576683 3828943
1232667 1515254
1404703 1695653
1280146 1569462
1179212 1443647
1050719 1322015
1189137 1424881
1066045 1310068
1231613 1472380
1190036 1432609
1262939 1533419
1358040 1591541
1388593 1677330
1283645 1598567
1228853 1489719
1269025 1527211
1188148 1437487
1220701 1484456
1350473 1609918
1155130 1379507
2915622 3329604
988577 1208372
1107617 1350860
1264282 1474401
1379358 1644742
1229131 1500875
958745 1185762
1143771 1400828
1106048 1392912
969135 1201619
970972 1199942
1212932 1448427
1414827 1684804
1040468 1282487
1404625 1706971
1134018 1381815
1146098 1412302
1312252 1600124
1175654 1411400
1142637 1369127
1193822 1468221
958553 1176502
1199091 1466808
993944 1238622
1128327 1363892
1126722 1352310
1130009 1357557
1195418 1452364
1436128 1716066
1215709 1482811
1169793 1414266
1467420 1788477
1169305 1441577
1122271 1351238
1978849 2232877
5855446 6433634
1007475 1244434
1165481 1416768
1186541 1457822
1222117 1519859
4502983 4715824
1230332 1522077
1584185 1828768
1317032 1543412
1295073 1523198
1207205 1443567
978475 1232455
1630662 1922988
1107715 1319481
1212759 1494757
1143578 1357692
1306725 1580161
4204394 4415317
4517402 4737949
1165917 1397482
1538142 1779675
1000066 1228838
1209707 1499413
1106845 1354228
1194637 1441379
1434128 1722556
4406760 4687827
1156455 1440532
1763244 2056426
1265455 1552370
1333003 1594711
1142482 1395898
2844638 3228372
1228877 1452420
1308513 1592789
989428 1261040
1218049 1486953
1146353 1388963
3434709 3743960
1579408 1852789
1239427 1524146
1216574 1474709
1339106 1596388
2417355 2639641
1051829 1279691
1134327 1363105
1323179 1575748
1279166 1526392
1733275 2046546
1206253 1458890
1125647 1337424
1480392 1750975
1120703 1396022
1232856 1508471
1009495 1258483
