2805710 4887162
3180725 4045110
1826671 2501615
1319632 1947750
1262689 1950121
1268516 1916801
1951519 2762324
2720767 6380953
1320040 2168254
1235326 2226280
2538619 4668349
1827354 2475821
1633584 2981703
1187492 1882917
3712699 4457650
1662205 2280212
1284789 2032570
1267099 1853457
1128357 2130773
1314870 2502564
1110994 1637950
1669192 2347648
1295192 1854866
1210007 2014988
1372052 2056433
2162397 2728476
1441770 3379166
1159911 1715502
1493555 2038962
1260486 1792442
1200705 1744959
2013008 2609406
3704387 4280534
1466958 2307846
1300468 2585711
1511289 2060525
2373833 2936984
6444122 15590530
1262416 1817384
1374641 2296508
1313707 1948444
1566330 2730323
1083217 2376225
1791920 2381095
1255941 1793970
1185181 1740708
6361992 6942213
1411033 2005253
1988249 2547621
1402432 1936186
2237975 2922883
1624860 2754439
3123909 5530596
1353332 2684965
1278559 2387619
1756121 2320755
1163793 1735154
2331504 2882283
4962896 5611965
1302243 1825261
1371758 1972652
1190114 1736817
1382183 2015440
2885873 3501531
2702829 3318098
2234183 2905895
1065086 1592411
1642994 3506262
1102064 1634056
3283288 3904383
1279013 3447440
2439057 3018099
1248962 1850311
1366740 1889609
1300734 1819407
1500220 1992020
1610946 2159744
3543458 4143016
1144060 1604868
1178358 1631995
1755723 2800930
1405799 1946235
1257432 1700071
1213573 1669890
1934530 2403396
4572856 5050431
1299542 1736674
1081171 1542412
1054745 1497424
1250788 1711870
2010572 2472488
1218526 1655931
1183472 1616714
1318595 1753223
1334001 2235244
2299830 2864804
1207589 1630371
1420929 1933845
1387599 1903733
1488240 2084557
1042038 1481814
2107241 2707146
1217980 1790958
1153696 1594269
1267804 1695051
1209871 1651763
1233511 1688296
3108853 3587737
1298386 1742184
1323176 1757349
1269765 1735153
1667933 2175148
2253884 2860508
1135392 1611435
1296913 1780161
3250514 4009370
1190197 1706716
7294106 7826381
1354780 1880282
1361940 1975035
1442855 1879561
1269214 1777533
2339329 2894528
1510492 2083850
1579099 2081401
1076322 1501846
5118833 5660117
1112155 1640524
1218842 1614229
1329737 1777707
1293311 1771072
1109473 1493310
1247674 1630053
1136431 1522356
1609790 2181200
1924371 3070886
1035638 1459076
1303784 1696354
1313044 1851806
1097087 1480663
1114993 1491130
3377558 3835513
1671888 2263158
1171133 1550951
3578737 3997984
1196884 1578413
4462459 4859698
1139392 1519107
1310035 1691245
1261166 1656959
1584288 1995118
1251757 1700225
1176551 1560100
1101780 1507953
1329818 1812680
1340908 1721454
1254837 1711235
1247470 1701320
1257541 1641256
2027440 2512716
1414247 1987193
2069860 2548891
1233692 1653287
1560094 1965336
1280565 1746324
1359752 1820462
1208764 1745841
1528901 1911413
1119163 1502591
1280998 1745960
1505397 1944966
3349724 3800683
1437142 1970005
1487159 1965488
1208307 1578418
1199089 1568300
1223347 1592488
1077458 1441890
1063599 1427444
1335692 1759335
6299409 7887369
8804780 9202124
1238240 1605788
1126474 1496052
1339029 1709056
1327856 1765411
5923369 9077528
1173674 1547855
1194274 1563277
1396023 1850492
1279342 1649293
3706010 4237586
1088801 1520874
1763673 2279992
1233235 1674166
1389616 1821198
1293514 1709263
1172264 1553208
1353978 1777543
1934543 2381099
1192945 1574562
1026205 1398829
1437726 1863549
1079633 1448547
1190096 1556157
1052292 1457085
1001863 1362454
1483114 1951049
1445119 1882705
1044597 1474509
1381889 1818951
1659772 2023584
1167823 1529104
1167315 1566232
1285547 1706229
1196597 1620208
1389952 1779998
1685426 2106797
7871162 8330075
1015423 1369251
1196232 1554076
1104035 1465574
1565992 1933976
1176218 1533436
1527248 1978363
1165661 1536673
2864487 3248371
1332668 2234323
1282842 1645366
1217915 1575060
1232156 1586755
1462090 2153587
1105815 1476788
3260082 3895930
1834873 2303629
2806244 3339627
1591975 2132920
1190440 1632413
1157154 1511172
1210964 1652502
1096882 1427573
1174082 1554653
1160462 1500541
1305086 1753134
1195267 1558316
4497721 4834394
1365304 1704851
1612189 1948611
1096710 1439662
1217497 1602767
1260727 1603467
1224069 1615803
1412424 1824912
1049046 1427682
1085671 2042479
11275040 15911383
1298683 1754562
1061359 1393280
1422821 1866934
1220934 1579666
1358057 1748640
1080419 1417302
1628038 1998327
1168869 1543702
1095340 1432953
1171492 1517853
1264055 1603112
1321767 1650736
1165294 1536755
1264434 1670761
1173909 1554044
1129504 1941844
1822231 2220621
1624551 1961655
1210419 1600761
1336584 1685686
1216107 1633683
1328974 1719562
1183651 1554751
1261745 1639042
1058184 1397611
1200617 1538033
4543370 4881521
1231903 1567315
1173912 1514272
1193449 1557873
1265332 1672129
1188246 1540202
1260962 1619701
1164666 1491552
1137901 1464928
1807395 2232032
1054424 1375626
2112739 2517356
1163686 1493101
1222173 1559040
1239120 1617713
4814491 5140837
3551085 3907226
1190582 1585063
1216313 1607799
1226256 1581836
1158543 1484721
1290080 1618353
1217915 1570693
1022223 1360168
1155383 1526290
1077889 1395400
1376496 1792526
1175113 1506062
1219062 1599051
1295216 1671057
1316431 1719845
1187991 1523813
1176131 1552634
1629745 2074356
1576498 2020651
1449060 1827710
1972892 2324315
2200528 2614519
1273973 1650301
1194771 1519416
1202088 1515813
1003605 1331184
1048620 1379066
2715398 3055392
1231142 1554572
1259558 1597015
1193220 2755937
1830787 2245001
1233497 1590489
2822780 3165958
1210610 1533151
4498884 4815015
1048674 1369796
1073758 1384922
2942501 3470984
4277448 4628118
1177116 1605442
1271274 1646402
4520409 4829132
1028817 1335632
1353752 1716573
1134605 1487416
1442916 1827410
1211795 1576900
1340804 1709623
984549 1308292
1151056 1453130
1163424 1465967
1193907 1557701
2611834 3015372
1158628 1460148
1367083 1736027
3132557 3515744
1109823 1415249
2092562 2470783
1263562 1567098
5936898 6747829
1050396 1389134
1204366 1531539
986696 1313614
1193557 1487133
1037962 1313681
1113041 1392269
1148934 1427885
1336496 1768452
1205221 1482180
1041221 1331295
1154999 1439242
1225551 1513231
1430587 1883058
1164615 1442502
1981219 2355870
1241461 1584623
1195471 1482826
1201977 1568242
1046548 1331072
1244966 1614469
1194678 1556564
1539307 1866685
1211334 1491419
1587409 1876468
2665005 3035230
1264295 1698360
1185065 1486842
997555 1260547
1093038 1378919
1215028 1551356
1069225 1326590
1185648 1445204
1164529 1476970
1077745 1338333
3556093 3874611
1031680 1285112
4504739 4769633
1547977 1891734
1277371 1576589
1186139 1452339
1181069 1442821
1081826 1340689
1084611 1332254
1224689 1522887
1700435 2092644
1224542 1522409
1179149 1433134
997908 1255954
1006545 1262405
1096397 1348461
987083 1249303
1169563 1475855
1289176 1589216
1335563 1636388
1067240 1368059
1363148 1722836
1181601 1449920
1018496 1273542
1205677 1537946
1029040 1281035
1160443 1480660
1180791 1436541
1434290 1774984
1303634 1555311
1377010 1694882
1216477 1515723
1214875 1531788
1287746 1586637
1138104 1446359
4324787 4583722
1034580 1288013
1385599 1639752
1198899 1448943
1454627 1723408
1068511 1327515
1210338 1523576
1163315 1414897
1533751 1791634
1388148 1672191
1851176 2245641
988469 1265291
990437 1306624
1209956 1461610
1059840 1320398
1280331 1532385
1751906 2036994
1189618 1477525
1273190 1748489
3719387 4031594
1273175 1558813
1157082 1458290
1059663 1327867
1820278 2178132
1002494 1256212
4452563 4726875
1143985 1450314
1114048 1367069
1304878 1657406
1164354 1419936
1198335 1502807
1197294 1452861
1118875 1377182
1266031 1532257
1180603 1439118
1540470 1860120
1347503 1670961
1122079 1380763
1142684 1485470
1171788 1476656
998785 1244258
1324564 1630403
1935909 2273543
1463894 1756173
1495459 1751230
1188187 1490281
1424171 1679508
1201689 1487782
1077208 1319972
1123579 1415735
1190240 1450432
1283066 1531903
995331 1257666
5693984 6449897
1297050 1737671
1037193 1297569
1528372 1967603
1068650 1327330
1180362 1478146
960929 1213136
1061045 1322331
1289711 1548682
1138196 1394880
6203165 6833024
1019393 1289859
1534283 1870104
1016081 1281917
1508195 1823466
1173119 1467898
3435694 3709772
4514598 4787513
1368437 1672790
1260568 1518989
1410075 1732951
1572983 1855250
1251120 1657107
1180799 1518948
1273836 1594413
1060733 1329150
1070412 1325755
1009971 1276866
1088693 1346367
1252003 1565911
1979518 2321661
958042 1270277
1123652 1410573
1428824 1706761
1335443 1617928
1217698 1494551
1050017 1277662
1176357 1414073
1021098 1264133
1500157 1824860
1259288 1502762
1271878 1506356
1006612 1247183
1011171 1258950
5913962 6653607
1072168 1311603
1264446 1507068
1064393 1310855
1856455 2088283
1267550 1492306
1166482 1476448
1039559 1276384
1521629 1760394
2228633 2461647
1521998 1762502
1589334 1864845
1889619 2155732
1175135 1499861
1266437 1566940
1537276 1774158
1078056 1404346
992052 1225047
1499149 1735422
1275657 1512803
1246405 1543056
1102807 1333502
1244923 1481023
3650305 3940831
1118643 1358174
1198952 1472898
1141606 1417750
6419844 7183221
1019325 1280129
1131399 1395610
1399964 1722293
1327388 1564428
963110 1193121
1122062 1396675
4345428 4582523
957373 1198372
1235217 1480394
1356003 1593711
1211105 1453583
1646637 1957734
1078024 1314858
1239693 1514550
1234568 1497529
1140531 1375055
4374435 4615005
1078238 1314316
946269 1217481
941559 1172070
1101481 1333397
1136688 1373769
1965111 2191979
1241280 1627508
5566527 5884894
1585499 1836292
1471564 1697889
1194301 1452709
6214686 6792869
1218929 1448138
4411296 4643041
1647799 1959054
1191870 1460762
1246904 1516424
938573 1182383
1153127 1395262
973941 1234776
1504332 1769057
1221782 1464357
1203010 1446936
1163515 1420111
3229790 3529971
1068706 1305543
1240498 1497010
1281755 1557510
1212639 1443715
1139272 1373047
1370274 1660429
1056556 1300049
5648703 6262505
2578388 2869871
1108314 1342716
1503896 1791346
1213526 1509817
2379947 2630802
1087581 1318834
1248504 1510536
1120160 1425699
1186133 1422552
4399480 4645532
1330428 1617515
999606 1232169
1418247 1651862
1198192 1467390
1248318 1480863
952991 1183954
1163087 1430246
1257539 1534095
1155671 1389160
1108116 1337207
1171276 1404163
1264458 1512290
1121912 1351830
1277113 1589657
1147127 1389638
1440397 1676010
1369480 1638468
1115094 1402480
1194161 1425572
1149919 1414310
1112493 1346968
1502922 1744483
4457965 4700595
1608488 1875572
1100748 1372820
1297953 1530259
1023403 1255690
1138150 1420491
1321272 1550676
1386913 1675371
1545003 1770127
1133228 1424944
1168346 1532468
1177547 1437131
1234798 1472406
1144908 1415198
1185678 1449140
1360873 1620578
1203643 1486501
1538189 1832370
1453848 1713860
964165 1198585
1105364 1339383
1024059 1251180
1507728 1771363
1461939 1736907
1613996 1887467
1416721 1717201
2859495 3123473
1212741 1461916
1139802 1378700
1270845 1595254
1682383 1978892
1501021 1761725
1214582 1475852
961969 1198294
1252651 1511499
1241151 1473289
1227945 1541128
1293734 1621530
1112963 1337159
1205306 1429004
1115135 1357025
1112839 1335900
1188574 1432713
1136110 1382500
1289554 1509834
1174428 1397568
1133242 1357184
1121188 1341574
1208393 1467720
1119193 1378161
1165309 1387301
1118514 1378638
1047909 1267828
1110362 1383190
1090088 1350692
1115036 1341557
994207 1239039
1166919 2603967
1166264 1426546
1423256 1708304
1270217 1538674
4370298 4619398
1143188 1394969
1556775 1873119
1389083 1617971
948011 1206065
1154253 1378933
1177988 1427678
1132983 1363327
1036405 1269090
1384622 1671501
1015396 1263095
1318330 1617188
1249652 1509776
1153908 1404010
1177048 1405384
1098555 1326236
1127566 1346183
1070606 1327309
1181211 1444262
1148772 1372466
1174004 1393791
1124922 1397872
1011145 1234583
1030281 1252822
1184996 1444300
1363073 1589639
1156188 1420814
1020493 1249425
1300068 1531297
1268773 1491130
1106665 1327681
1219315 1491625
992933 1235717
1121151 1343735
1248857 1500160
1084416 1330626
1273855 1499696
1128990 1360468
999697 1212957
1695918 2005478
1086561 1308636
1357407 1577851
1491396 1765333
1163691 1398097
1329439 1603176
2015275 2244693
4385672 4614683
1264943 1492269
1169468 1434122
1143681 1369850
1196150 1423614
1109192 1340346
1650201 1959976
1410945 1702627
1136877 1364827
1130378 1353536
1423311 1702059
1198801 1465069
1142845 1363393
996061 1211354
1691674 1994051
1109643 1359006
1114284 1360051
1089835 1312662
1165859 1392330
939903 1164333
1050845 1286233
1326071 1553965
1450609 1724246
1202506 1465002
1116861 1344311
1341794 1621515
1165330 1442265
1176039 1441127
1041982 1276687
1407024 1639067
1159305 1397977
1404606 1659448
1746097 2042985
1078842 1303277
1291606 1512967
1262992 1486401
1048275 1266989
1164325 1423504
1245116 1470729
961978 1192724
3168206 3462656
1418306 1707936
1395639 1620664
1527170 1757924
4361729 4586248
1081551 1298859
1028969 1257073
1101511 1320229
1226627 1476721
947123 1186086
1326515 1592381
949803 1165486
998898 1225119
1061207 1295768
1391682 1647777
1406270 1669541
1366232 1632826
1161339 1399629
4433827 4673411
1283799 1554767
1112917 1366753
1131291 1358019
1084482 1312801
1182560 1463027
1429843 1661757
4432775 4663210
4471529 4704294
1137177 1357697
1149089 1371303
5689336 6218676
1217019 1485382
1178647 1394974
2901770 3257675
1118851 1354971
1115417 1386981
1368394 1667476
1368979 1644734
1109248 1340096
1446552 1703084
1160092 1399334
942560 1213072
1164981 1420646
1108574 1338559
1163616 1427571
1051255 1287361
1184380 1455104
1540092 1836583
1149363 1414016
1539135 1775834
4514719 4762154
1107251 1366988
1068030 1293825
1173047 1434871
1167856 1428686
1117475 1342288
1687831 1986764
1177171 1448791
1201114 1434305
1006571 1225754
1280466 1535997
1152049 1374468
1119078 1359905
1223907 1444502
1188017 1444776
986844 1205549
1194931 1424301
1379408 1609084
1252883 1493984
1359562 1641405
1045263 1272031
1103555 1330833
1145590 1364130
1056835 1274779
1267367 1497243
975058 1206042
1263512 1482937
1180770 1447852
1253173 1472208
1014301 1241636
962811 1186327
1193841 1452988
1565994 1852367
943626 1174210
1048681 1262528
1131388 1364097
987489 1204380
1359349 1586857
1003822 1224415
1389448 1657342
1196574 1450557
1058265 1286475
1138645 1363541
1112789 1331855
950779 1204516
1353653 1623398
1027741 1257179
1416735 1643035
1042704 1265506
1576400 1835719
1275317 1540116
1002094 1255897
1244040 1475943
1444314 1715107
1007649 1224748
1294838 1520354
1169325 1423186
1147379 1374442
1185784 1448467
2768296 3128565
1238156 1465207
987106 1201457
1167281 1408548
1127834 1381665
2357990 2608314
967235 1206839
1537691 1760708
951932 1210525
1170464 1423405
4475127 4702592
1581189 1832075
1172581 1429849
1055966 1280301
939308 1158231
1108764 1361166
1253108 1525510
1161103 1392004
1240072 1485813
1506314 1726581
1966645 2237872
948898 1178729
1035714 1245010
1393682 1626842
1188413 1420449
1118106 1346411
1125622 1348221
991570 1219587
1389277 1660073
1324735 1546741
1509689 1730563
1314174 1574179
1129047 1381984
1353663 1645643
1196063 1451922
1206800 1462438
1233058 1457082
944185 1171683
1005056 1234478
1167374 1397864
1140262 1399857
1219135 1485843
1109996 1340744
1188753 1413584
1124331 1361309
1511137 1744939
1091318 1318431
948452 1176591
1123246 1345374
4376110 4601324
1159479 1420045
1151048 1383470
1177261 1430398
1246486 1472139
1110469 1331044
1373302 1602348
994265 1211166
1037405 1262400
1274724 1500088
936326 1164230
1220469 1442697
1223798 1477521
1140356 1393950
1027431 1259064
1224849 1488916
4637312 4920196
1296888 1558094
1129165 1387598
1476363 1762444
1228668 1487821
1156870 1384455
1215846 1476536
1041127 1260883
1137021 1354869
1164080 1420428
1051286 1273600
1102543 1331413
1374948 1656417
991622 1229270
1132798 1364397
1306286 1567013
1173047 1425977
1143450 1391050
1223061 1471339
1117756 1356199
1020648 1239794
1012499 1233590
1128088 1381266
1181399 1403239
951997 1172354
936445 1146884
1193823 1451959
1194867 1419555
945898 1164825
1144256 1373730
1283790 1539658
1089712 1316896
1227861 1487188
1503199 1796447
1486598 1711261
1328704 1596228
1093917 1382793
1455402 1692032
962614 1196089
1450178 1713187
1086756 1367624
1815701 2113107
1276306 1496227
1088284 1353328
1038282 1257851
1098365 1320627
1156045 1382226
1194776 1422783
1205158 1423073
1274480 1486768
924897 1146918
1394669 1650748
1160103 1382838
932386 1155429
1134166 1405996
1143133 1400830
1195833 1462174
1201453 1426947
1224637 1483713
1536255 1809593
1142272 1374597
978901 1233394
1263186 1538859
1061853 1289027
4387793 4612611
1140478 1406808
1027318 1282597
1092204 1308559
1508410 1725946
954721 1171629
1382375 1609613
1035615 1259963
1121472 1371807
943803 1171487
1336436 1613815
1097789 1321854
1136308 1396397
993761 1219584
1119810 1406219
1448960 1725461
1174549 1405926
1114769 1350931
1155269 1403535
1495207 1750446
1133547 1364139
1096390 1396117
1149883 1372763
1314876 1536336
1380619 1665121
6426123 6987985
1482745 1756490
1246244 1506285
1492100 1719770
1211657 1463388
1131793 1396299
1290622 2682571
1107420 1339143
1405765 1667541
1428186 1658666
1026755 1252628
1109650 1364768
1039407 1267662
1102167 1331197
1310038 1541525
1521097 1790212
1151033 1372413
1130247 1367520
1115133 1332655
1053184 1280319
1598611 1881811
1329049 1545815
997680 1218248
1246101 1503505
990627 1212254
1220253 1481615
1130388 1359814
1288707 1566754
1100803 1328371
2880554 3279283
2682883 2941261
2891478 3159323
1145114 1382352
1037309 1259523
990855 1210302
1128207 1343498
1122933 1350261
1196898 1443115
1195238 1457848
1078686 1329671
1187213 1529949
1042200 1263030
987760 1210408
1118411 1372716
1103964 1320677
1003189 1238554
938439 1159932
1086286 1348079
2022784 2243078
1448796 1707815
1203077 1420221
1506458 1727442
1499729 1723088
1092022 1322311
1369775 1626455
1321824 1552353
1117636 1339890
1098065 1365365
1477925 1692798
1184222 1441179
1039868 1265257
1252317 1550358
1065793 1287782
1147343 1373493
1134043 1355253
1024568 1243324
1250200 1502313
938282 1159095
1035744 1256402
1182471 1414514
1270112 1505504
1129914 1354403
1298110 1526078
987957 1205035
1235270 1449596
1273674 1555948
1018198 1246687
1267351 1535076
1091237 1311139
1323843 1614132
1109586 1330951
1163266 1410374
1162918 1416299
1254349 1509982
1134553 1396159
1616636 1898771
1362268 1581674
1013115 1238645
1230988 1485382
1186178 1435499
1096207 1328521
930469 1154135
1749241 2046597
6120697 6706628
1142059 1385739
1188727 1438721
1088735 1348690
1298089 1552478
1131675 1357196
1175933 1397410
1124367 1347233
2985060 3337863
1359362 1620904
996776 1219214
4440619 4676963
1025645 1243519
1137608 1356123
1000508 1222505
1473520 1759792
1194416 1451454
1240936 1455090
1412517 1641244
1206398 1465368
965000 1185599
1376360 1648434
1282509 1539502
4433102 4685892
1242466 1477179
1347365 1594972
957156 1176300
1069237 1301073
1209989 1429778
1217952 1465291
1014123 1232406
1140770 1392287
1345383 1569495
1151519 1372784
1417939 1651516
1183361 1438884
1143881 1372316
974826 1190018
1103876 1328879
963033 1180329
1092662 1316922
1156070 1396741
1132718 1378152
1406903 1678300
1132763 1365121
1175442 1391979
1133560 1358022
1746353 2049394
982982 1199660
1221255 1472342
1101773 1323822
1298266 1560533
923840 1143540
1171767 1426268
1009773 1228965
1137783 1358327
1385807 1612611
1032160 1247373
1102491 1356972
1324899 1550167
1011218 1222088
1177987 1444848
1596006 1853520
1178178 1427398
1161960 1411892
1125850 1344582
1408510 1678311
1176137 1450278
960557 1175841
1305100 1562509
1552111 1804002
1056163 1275560
1222931 1450221
1401000 1623077
1273181 1493678
1089272 1305391
1133033 1394814
1135090 1354520
1181048 1437205
1137560 1352257
1150704 1408546
1218137 1479281
1281344 1525184
1161603 1388260
1001054 1220339
991988 1213212
1128510 1353574
1269448 1486548
1157659 1369066
1136823 1355990
1141659 1366520
1378083 1694565
1109599 1332069
1197123 1413093
1110146 1331350
1246384 1499822
1033423 1249787
1283844 1505895
1153695 1397529
1276983 1494599
1212101 1465571
1214669 1427525
1330602 1589192
950150 1168836
5684353 6217270
1104814 1327687
1393850 1616374
1226849 1452130
940335 1152882
1106002 1330551
1190813 1444430
2923855 3278403
1237263 1493538
1269190 1488509
1472640 1686643
1217952 1435225
953719 1179441
1067983 1288027
4356111 4639502
4449505 4708954
4443407 4664895
1218286 1485171
1051589 1282692
1188206 1440835
1231861 1499738
1485537 1747775
1839329 2087382
1189262 1429778
1027230 1244594
1279730 1495254
1182929 1429029
1195205 1423709
1266682 1516267
1233215 1482205
1137154 1381183
1249707 1461507
2181368 2443906
1123312 1365484
1210034 1458278
1132996 1346074
1134910 1387625
1348774 1608163
1156057 1403475
1131426 1374704
1590052 1888418
1096216 1306158
1142712 1423955
1211369 1456889
1048742 1307865
1151988 1397876
1110296 1331403
1191069 1426035
1112314 1389388
1223514 1485606
1206566 1448548
1426186 1676584
1154560 1371458
1189468 1441008
959837 1183716
1086992 1303034
1169355 1409554
1077728 1292198
1125400 1369374
1234010 1480990
1287085 1501631
1278659 1526360
1115453 1319093
1352051 1648494
1524013 1736945
1062725 1268261
1137819 1410246
1143670 1365601
1181211 1396092
1202937 1539417
933371 1141961
1516202 1773751
1160696 1364396
1236374 1580664
956200 1160449
1444257 1690584
4454050 4667237
1351303 1570520
1270093 1525645
