64570209 99749249
3182912 14633810
5004620 61030893
3913358 152389027
9315340 159154913
2370389 127742435
4539491 7857721
2514975 4598989
16165149 18484103
2512200 9797470
2788828 3755409
1566897 2441495
5078021 8149655
1473227 3547457
3060497 4841266
2880632 5893979
1730166 3228045
1825479 3021731
1368881 2515104
1875345 2877060
1501275 2265414
2571745 4013394
3986061 5311043
2002767 2857762
3093146 4099565
3081408 3906423
1703443 3794419
3600823 4484957
2076568 3024239
3888313 5603045
2855089 4215305
1594609 2296159
1974799 2797735
1326371 2379841
4414612 5506960
2148123 3018804
2677456 7832812
2936640 3877303
1448753 2623620
3496981 6175385
1839368 2608463
9377982 11523953
3313318 4957111
3046988 3914353
7495678 8459234
4920985 5789203
2586566 3513043
2827642 3749036
1242703 2230877
4938430 5852306
2145178 3060772
2306432 3151411
2061891 7613317
4498956 5813192
1891224 5782614
2500907 3296484
1592460 4367852
1147074 3135023
1871692 2721699
1859114 2587527
2479588 3585732
1038621 1811437
5572443 6312557
1740836 4802402
3290325 3909528
3395054 4223758
2272380 5780761
1091958 1706543
1353451 2126575
5801481 7523499
3541334 4463115
1746064 4287790
2438397 6316635
1774112 2346964
1485271 2707310
975988 3047794
3220677 4090156
3007471 3744152
1010071 2254385
975860 1569041
9721348 10267052
3013087 3955445
5473270 6590310
1391070 2077515
880258 1470287
1675092 2186465
3012137 3796356
1302013 2010024
1138240 1595829
2224517 2726933
1538012 3676874
2603743 3464832
2622620 3404183
8597814 9340257
5621329 10366557
866064 1331801
1053499 1694310
1395105 2059243
1608266 2283108
1697841 2478093
1028599 1605398
2326021 7480227
3884732 8914683
5843380 6825338
5633466 6922177
2335737 3364282
2555639 5492792
1135926 1630804
4185533 4894816
5307546 6159485
3473529 4492656
2620905 3306295
2116154 4357284
1405048 2203515
8604986 11042296
2471058 3279225
3546718 4251050
2498667 3970463
875078 1456545
1086615 1593639
1456193 2043397
1748638 2956649
942747 1397886
1384517 2117982
1388190 2223321
2382699 3067405
1705174 3979340
3494972 4286492
2677313 3609355
1331287 3283647
2515953 5018378
7395955 9981748
2344838 10804716
1373730 2156985
1220744 1895813
1102910 2301706
902123 1381979
917723 1420319
1159782 1772653
1212292 6924743
1244301 1860310
4597677 5193486
1640562 2311109
888713 1365577
1474839 2036753
1591769 3974711
1443114 2884897
1179458 1828378
1470746 2062948
11960926 15872776
1234600 2926441
1267348 1932282
1782825 2298737
6344905 8073409
1915413 9438083
2578168 3168721
1471867 2141107
1327419 1966636
1801915 3895477
1354360 2076683
2645804 4436320
1411023 2133238
1196158 1774923
1558927 2227752
1307438 2008592
2553556 3339625
1473542 2102776
3443645 4553933
1238987 1902469
2637290 3411493
2727433 3134421
1243851 1859118
1036632 1536180
1150591 1727173
1131695 1769239
1996612 2693721
1950595 2768384
1214851 1837651
6453631 7122423
2680687 4596555
1630974 5248448
1268668 3337429
928847 1363742
1303271 1973489
2831921 3495061
2101242 4440607
1548896 1949858
2277268 3002185
1419653 2834091
1943982 2552447
5340957 7767048
1859726 2347320
1290439 1830837
1100939 3788057
1165148 3931716
4736402 5267726
1029404 8137571
1135751 1585202
1360082 2289658
1343686 1969448
2863895 3343752
1692150 2450928
995530 2977175
2286273 3673736
1146143 3994032
1865434 3320247
2340613 4502469
4661816 5404320
2674086 6529572
1298158 1921267
1315963 1925738
1261792 2197263
23618119 24965400
2399137 3108983
1374259 3476847
1214354 1800607
1593827 2057212
1933306 3459811
1090373 1548307
1452227 2087227
1269428 1776374
3518062 4049454
1430212 2028337
3584664 4130715
2377410 5083883
950846 1374562
5194889 5722064
8885452 11092215
1067608 4771565
1275355 2718251
3148368 4097242
1586371 2228264
974971 3107903
4050828 5030323
1560740 5885635
1301393 1996830
2230449 2737174
1562239 3623551
1988790 2641618
1234244 1750117
10683446 11317129
1040245 1483327
1227214 1742068
1707035 2325797
1013211 1480338
791257 1204028
1281013 1920146
1541140 2248271
1214052 4395260
2663651 4042345
981890 1791247
1671713 2224552
2202899 2820071
989681 1359491
1958336 4337573
2021470 3111839
12976625 17584343
1821893 2430315
3480553 4573946
2600724 4691555
9962054 20269264
2168713 2631626
1568425 3328008
2106134 2857628
2763904 3593798
2900422 3666658
1031672 1491060
1231246 1712910
1088956 1550245
1865693 2369258
1304424 1715808
1230104 1850110
1091522 1606142
1440383 1809710
1278493 1838436
1130315 1547339
11141934 12065626
13350369 14137333
1321801 1865952
1165356 1553431
1210962 1644450
941636 1302620
2957324 3309394
1460287 1996580
988282 1323229
1198320 1734969
1427471 2116692
832326 1194280
1117309 2010029
1082021 1459024
6426193 6869630
1346124 1785451
910231 1285629
928465 1284897
797454 1181511
758309 1129856
4582247 5148302
1240631 1756439
1045714 1419755
1228167 1722440
3675241 5909846
5242649 5625145
2255089 2671599
7841073 10712850
1911922 2298092
1319378 3006059
2790263 4819805
1272309 1831900
1058988 1440558
1842932 2577000
985317 1397436
1726826 2182843
2859943 3374635
1452837 2015492
1006950 1495198
2784495 3919017
1256017 1692812
1281798 1779519
927793 2789839
2313504 2817982
1403247 1903452
1265133 2132287
2629772 3076008
1386192 2017464
1223997 1723058
1202438 1644462
1141935 1499693
1062989 1463122
1404138 2277649
4914172 5389442
2178846 2589331
1100211 1644595
1179941 1656039
4352318 5541416
1331401 1769208
1149729 1538546
9130773 9579218
964744 1333255
883924 1223501
1107512 1513324
1340805 1848486
1081863 1507994
1341922 1815663
1090949 1452003
927137 1235674
881584 1237072
980078 1322474
1359678 1904050
1219761 1815778
1048998 1465476
998922 1364040
1171517 1527596
2867966 3428383
12800303 13717942
2477830 4590230
3162129 5683800
5710901 6362865
2926298 3752543
1252064 8693311
1308724 1865184
2433406 2875100
1532539 3510389
936635 1282797
1993392 2431278
1188780 1607598
1260282 1725574
2487515 2903926
1580121 3621893
1944012 2414478
1236842 1811413
2028705 4291795
3617844 3980810
1803508 4599325
1541022 2107061
2186261 2573505
1386240 3347028
1152401 1654139
1021751 1461736
1665337 2077960
940722 1256129
1537407 2094135
2833981 3290422
1022404 3968720
3940261 5232318
1841715 2363162
1131757 1594703
1099491 1467973
1078274 1516386
1338406 1708762
1045034 3359377
5623796 6074164
2019106 2548006
1703683 2215343
1400615 3547174
2079048 2455988
1312334 2990449
2353108 2861308
1178283 1672103
1277465 1638331
2703155 3110435
2794549 3176022
988930 1388313
698630 975662
1206566 1650049
1269880 1766392
1109418 1522402
1250591 1620081
1290989 1819597
1142261 1457325
2147697 2629906
1338256 3384647
1921290 2292842
1101692 1553669
1100046 1565169
1236152 1678193
1045098 1391953
1556655 2083450
908735 1210452
1218392 1699961
1328489 1757167
1209772 1616489
1237263 1643076
1043568 1496584
5227306 5656075
5753585 6652434
1483210 1892413
1987679 2375403
1408581 3040773
1388819 1774584
1060211 1427656
2829712 3139266
4674400 5126054
1112564 1542739
1167775 1618657
1443878 1896781
1048456 1413260
1373170 1795292
1953731 2333063
1010275 1325826
1002396 1326861
1769586 2143641
902922 1222390
1194329 1567132
1062425 1425293
981871 1293908
1904465 2435744
1287448 1754812
1119240 1571500
780626 1087183
5329880 5793365
1296545 2033311
1587037 1994721
857881 1280503
1131150 1525848
1220789 1587695
21493690 22417785
19659805 26282593
1234897 1677751
1177818 1623756
1355323 1865535
1202088 1777660
860673 1100940
1210280 1624253
2337873 2678740
1532988 1936862
7644508 8127407
7013489 9030266
1783122 2351048
1682996 2359111
2050534 2473351
1395519 1743891
1384808 1846374
1869054 2164667
1186982 2843946
2218613 2806383
1238708 1760540
10032157 11705938
5277062 9194583
1369332 5926270
947113 1312731
1965304 2525723
990120 1341291
937874 1237802
2030780 4081425
1257053 4664380
1183710 1613723
1050493 1397357
1062385 1497534
1316212 1637632
2603236 5224042
1098773 1629762
1721989 6255677
1116152 1516428
993301 1373579
1482058 1983890
1063757 1518356
10986075 11563719
1629354 2141612
1662402 2114363
1280369 1804728
1139932 1591880
3165254 3864147
2352043 3908818
1525666 4801345
1043027 1530072
1161189 1817214
1587987 2086791
1702542 2078204
1225521 1720830
2298246 2690757
852813 1130729
1194428 1561817
2027323 2357593
1391465 3034794
1211277 1627738
944170 1291422
1990508 2397597
1164858 1695633
1027852 1457258
1196916 1659927
1011431 1469312
1945526 2255017
1295708 2843530
1052930 1511511
1227009 1636834
1079365 1502608
1600783 2066986
1008652 1392639
4561353 4986008
1542393 2016606
1523139 2691526
975374 1459795
1217514 1573756
2520245 2883971
1359170 3511963
1305243 1758318
1111212 1653197
1204064 1727968
2891805 3319246
1509671 4028206
1363656 1871408
3963526 5518961
1428345 1733412
1048670 1496750
1578021 1942065
1170339 1572012
2347977 3682249
1017621 1533358
2609570 3100815
11022479 11710115
2342975 3054954
1330452 2939882
1027227 1479214
4101531 4556095
2360869 7509347
7562289 8012735
9410355 11093401
1060684 1540863
1162197 1621234
1288915 1709017
1235209 1701789
1195467 1600942
1402612 1824025
1203760 1658456
921323 1302204
1042621 1480687
908444 1243219
3427474 4117866
1950679 2311045
1062049 2885328
1187773 1619018
1481535 1969385
1529257 2064800
1322611 1831439
1663766 2143648
1662061 2142944
11054036 12627645
1262783 1716837
3499996 3858808
8222132 9965383
1234078 1689281
1588341 2006776
1097937 1456983
1022375 1354304
1115348 1398019
9305096 9673359
1143490 1471492
1152670 2951694
2246275 2907611
1293941 1756115
1251418 1743556
1258516 1648814
1187002 1574124
1096070 1446149
1961185 2451464
1341885 1778179
2048046 2398869
3839626 4443757
2987351 4405747
10256391 13435895
2846745 3176721
2126545 3855468
1650990 2200007
1189922 1596081
4366791 5279913
1164004 1622277
3056763 3445960
2418136 2718842
7116347 7397383
1376571 1860710
828514 1149159
1446110 1884677
1283552 1722981
1005645 1402809
789325 1068507
1017494 1307328
1140143 1537585
1201382 1556564
1122515 1461235
1166958 1590667
1251586 1620491
2175163 2566260
1273166 1628816
882701 1156732
1622181 2046021
1445371 1837669
2121465 2448650
1059347 4719292
1175099 1624978
1081559 1387636
12268097 12985623
1861313 2307066
1398314 4949028
1263069 1619476
930336 3165281
1118630 1568819
919578 1280768
2423646 2872569
1690635 2043494
2986634 3865295
2380304 2778458
1495137 3508215
1390659 1860671
1951298 2270742
1257637 2936641
1236210 1733453
1058879 4918764
1759392 2199281
969223 1276769
1215124 2048216
776382 1071998
1039033 1373445
948482 1286794
1630965 2137877
2832188 3915412
973413 1309698
949047 1274916
1186193 1515642
1424510 1847109
3035119 3319352
2129799 4705832
1296368 1762492
2724831 3081825
1969823 3832498
2458928 2823336
1410360 6247768
1104621 1557424
1009811 1330332
1043145 1312835
1789162 2160708
853515 1146668
993820 1291179
1070886 2691484
2328818 2694220
1290591 1779193
1210160 1686825
1144763 1638868
1116484 1475221
964645 1279656
1154666 1600311
968009 1278672
1877452 2222523
2116447 2579393
1442859 3180117
891314 1196034
1091267 1495115
817258 1081040
1446620 3185311
1611989 2108447
5810930 6217639
2253111 2660351
2152384 2472223
2545165 2865819
1732888 3570104
4148157 4422193
1705323 2078765
6998822 7854104
912098 1196713
1230649 2971132
5411024 5756182
1135949 1589848
1102191 1414160
5153030 5921793
9643346 11321160
1302192 1817795
1860639 2315523
3605787 5913861
5027423 5895832
1080897 1476271
1397620 2840545
962095 1358086
1313024 1583791
1335998 1906772
1107086 1500942
1250732 1693135
1224226 1607135
1110492 1497819
1184771 1525798
1160045 1689337
1343722 1698646
1054213 1342185
1068645 1412395
1106097 1399943
1833658 2116452
1117738 2608915
1182600 1669136
923891 1243651
847287 1145193
1038791 1423349
1408241 1836052
1976476 2401017
770675 1036612
1416400 1854935
1561014 1985727
1525536 1996369
1007535 1343182
2955102 3560745
1378385 3511076
7527982 7910931
9738185 10209987
1382415 1822183
672421 917307
1146319 1580849
1656723 2033503
2395783 2765658
1580585 3470658
1040326 1310362
1501749 1943552
783818 1109301
1227931 1700005
839448 1160427
1077679 1416993
7050814 7766210
1092792 1459686
1135125 1539353
1030896 1373111
1364534 1790785
959488 1355671
1335307 1806645
736750 1043759
951484 1198072
1250414 1813770
2286381 2664274
1261253 3208715
804934 1085971
1304381 1715885
893209 1268888
1064813 1390034
1452213 2803401
1369774 1929891
2133119 2467813
1227928 3044213
1040714 1327891
990106 1316983
1115993 1528135
1052831 1425960
2180774 3629745
1201209 1677509
1838250 2477061
1090155 1450603
1527810 1956463
1020432 1338689
1210061 1621594
4617910 4942702
839263 1155487
1177223 3138304
1010665 1368433
1193447 1574359
1598796 2089368
4127837 4982968
1113271 3243132
1204609 1656394
924628 1204989
1652619 6052929
3970310 5870994
868137 2352370
2231419 3012071
1087307 1533474
870155 1152623
3400639 3893790
6370156 10294662
1451936 1911081
1582648 2079036
6913661 12376669
11038780 11366784
1484703 4227079
5128831 5510130
1416734 2206784
1798862 3493816
3880766 4390123
1255686 2409899
2023591 3894099
3534663 3842576
1438539 5106181
1603507 2045423
1107251 1490521
1429429 1804974
3017811 3404634
1151234 4038536
807513 1084176
902634 1167591
1189976 1587811
7154859 7692559
1214201 1613426
676362 1048895
1234995 1626420
1400016 1860530
1060875 1360444
1174269 1607561
2238847 2644877
1351203 3291109
1097305 1401088
1068439 1397590
2027042 2338730
1216062 2905835
956645 2149491
2056403 2700444
1103702 1533378
1209584 1708779
1223475 1662062
929272 1265699
988278 1436898
1659948 2110535
3131289 4025873
3619169 5196710
2884790 5162643
2093101 6250266
1109437 1412839
840351 1171892
1089422 1542128
2137355 2481745
2210970 2991113
1445094 2886050
1247612 1660573
1276388 1788060
1343752 1951867
1223914 1675464
5301981 5593419
4590485 6142702
1223788 1502854
1402670 1874881
1243682 1666336
1717481 2038747
1037131 2677126
1178855 1434181
825557 1120796
2129307 2462689
1229821 3098915
3916762 4157830
2903066 3260707
2256477 5054644
951980 1305797
1169295 1538920
1011456 1480753
1779815 2108618
1082198 2663145
1472774 1743885
1093134 1465297
1036344 1340649
1168875 1528653
8843865 9378140
1391314 1758188
881241 3334193
1503841 2009820
863071 1147762
2961204 3362854
1010240 1317177
1164023 1566861
984169 1260806
1880758 2202843
1209416 2846122
2188412 3847914
3541376 3841945
1921378 4644245
1790305 2074046
971146 1318806
1192086 1460484
1321128 1731253
1177467 1534012
1726419 2073638
1025075 2584586
1280175 1706120
1070550 4847528
890835 1235533
1694359 2077221
917786 3006121
2991377 7122933
1706993 2154793
1417928 1779389
1422860 1795751
946796 1286390
1033255 1369873
946441 1231730
1236246 1636213
1401158 1912071
1551723 1981154
6405563 7143135
1094695 1477985
940495 1264274
1183604 1615131
1217397 1620366
1139472 1463694
998283 1282611
928231 1201548
957123 1306079
1147915 1502488
1163199 1587892
1254112 1602306
1952246 2258669
1165946 2953239
6259711 6868683
1178576 1553607
1118320 1504368
1038349 1337485
953979 1315362
1326313 1764571
1147211 1527985
1218012 1523772
1105435 1449753
1984379 2331531
1285756 2930584
1098910 1355602
1034469 1395358
2571079 2877447
1330486 1575376
810509 1042123
1421943 1848494
1055523 1403868
1791019 3452447
3078097 4000535
2370822 4634244
2235838 6846780
1109871 1511997
4544583 6509163
5625915 5986810
1033506 1287720
1169477 1563182
1259673 1631058
839843 3106443
1271385 1508175
770218 1038513
753596 982925
1020724 1373280
1395006 1875446
5197712 5487877
6342454 8306381
837227 1216902
1125996 1487250
1798526 2075440
1105810 2604639
1109772 3222697
2294523 2899663
771401 1027042
1650218 2142355
1143837 1589701
1307951 1713047
1073090 1491712
945078 1297626
937474 2762927
2129538 2669690
889971 2197228
2065743 2661372
5225825 5572583
5846120 11896675
10197017 11699533
929650 1229462
1382140 1846480
1518317 4453479
3563425 3869333
971377 1230239
1432314 1976037
2323240 3841100
4076192 6074607
4092101 6870595
1408070 3185554
1145387 1571718
1047610 1333803
1190832 1611465
1517915 1802935
904404 2299234
3267756 4112968
2395131 4592675
2606347 6047562
3067611 6711802
3829221 7651557
1754265 2069734
1083968 2676183
1247929 1565253
3405762 3834214
821069 1092888
1882119 4382387
3973683 4326561
3228886 5194564
814930 2668765
4679113 8061220
956228 1304603
4396337 4706693
1565807 1977746
735229 983730
1927231 3197516
3160354 3729623
1212754 4239447
2965335 3458758
2445597 3420959
1540442 4273446
1005612 1421768
1011445 1414905
1093020 1437056
1700421 45745798
827917 2221827
3163536 3707254
1185402 4248812
1966102 2190791
1289336 2784196
780188 1030561
838947 1085369
742503 992871
1138820 1541016
6856554 7561488
1312667 1721267
1398314 1762062
2188090 2464099
1439897 2969545
3711647 4233543
3352422 4486793
4475620 7060854
3054400 6785980
2872577 5400705
1229384 1679176
844647 1149698
1431493 184058253
1321057 1740850
4243618 4487888
2673322 3216844
2823492 3839659
2239708 6232501
18380915 21163329
5534349 13551599
9424433 14366977
1207604 1603987
1023665 352575608
1075406 37031141
1248624 1688735
1866443 3478719
3243714 4107163
2679172 4782223
2082546 6013902
7846350 8158042
1419875 9563128
1433173 1834232
1018661 1301192
735955 986054
1033148 1357778
1645112 2049113
839699 3572517
866223 1152402
3714003 4229414
1679620 6109742
2011673 6764872
6455659 7660789
1175597 1666368
1774347 2069363
1136752 2680168
1134503 1497501
1943457 2255722
1275741 2823540
997003 1351811
1392665 3153958
3841727 4136620
1083372 5078489
1195503 1701696
2129952 2612132
1465510 1808301
1383866 1845533
1185567 1552183
1085093 1360776
984680 1292252
2088135 2493640
1453458 1816669
1179773 1526373
908623 1208882
1223893 1600396
2300059 2630166
1203133 3133512
847145 1079676
1237419 1745521
845888 1081621
1085730 1504874
1256412 1635079
849275 1108402
834251 1091805
1040296 1323178
1058828 1348563
1334961 1721172
848502 1186958
1052352 1303820
1195936 1627339
755267 979840
1147600 1515186
1060714 1451125
1247608 1654765
1169923 1555250
2666999 2995639
1426269 1729621
955215 1654683
1137821 2290838
1540313 1909901
934304 2505899
2508570 3083565
1120679 4784625
2582051 2925361
1880881 3619409
795482 1064900
1914971 3528317
1304408 4105898
3472781 3758908
1393867 6292365
3720103 4157600
1218042 1644037
848252 1150124
1484221 1888060
1091915 1381636
1064382 1468892
970867 1231302
1162181 1706272
1081777 1405683
946001 1720227
6312752 6596998
1299985 1715495
1272596 1522508
1113742 1456329
1189711 1651185
1955161 2324758
1066368 2940259
2555811 2796164
1507263 1770356
924656 1207786
1175938 6167098
1333927 1655837
701852 924221
728552 950783
1024605 1315319
1259371 1614737
1165655 1497583
953242 1319043
925813 1259185
1086138 1322782
1733655 2092945
1142051 1471111
880719 1148239
1674923 1931914
1041991 2841263
880764 1118274
958289 1249756
1177502 1624078
1223519 1625063
3521979 3954777
1131687 1524663
1144128 1502091
3288718 3597858
1888234 4154077
1417580 1848588
1141863 1530048
1275000 1528969
1055422 1581236
1101247 1436972
1186846 1565113
651446 929329
1088337 1422848
1366087 1799186
795377 1079158
1077593 1508147
6341210 6874316
816096 1078060
2553434 2901954
1247930 1585997
1027749 3248265
1135914 1464274
858384 1102196
1320527 1690991
1604961 2910158
1381790 3668703
5018436 5867504
2475048 5549075
2561850 6663607
982943 1413451
1121046 1557340
1144714 1482709
2828988 3106548
4622116 4948278
1058592 1321685
1250096 1692680
1236695 1670684
2424847 2782353
1460402 3356986
1124947 1514042
982098 1356094
1392571 1825548
1006910 1353068
1481349 1956133
1472115 1901475
1044237 1369909
1382576 1875514
903164 2479779
2458310 3034092
1213218 1621412
920463 1218858
1087161 1512644
1321096 1762846
1062577 1464330
2739549 3192497
1476282 1731644
1093443 1490532
1247805 1597488
986360 1514844
6277605 6672918
6461553 8532766
2307150 3603253
1094069 1434328
1335302 1705886
1176761 1614405
864710 1183207
1131213 1510008
7893971 8430396
902193 1175876
1190063 1614016
1075522 1462436
1369010 1661266
3240624 3544394
1161158 1523221
1078833 1424211
953648 1251667
1181969 1669894
969932 1284351
1721653 3639255
4901468 5303697
1698648 6092093
1356013 1793642
1306640 1715353
2288666 2633149
1427330 3201010
1324644 1711860
6764915 7317255
1463157 1948977
2436951 2994064
1258983 1621628
4482564 4923802
1200831 1626375
1599139 1975780
1175120 1539297
1073010 1407699
1177139 1520062
1285771 1784853
1751293 2253513
1291554 1755703
1258044 1672110
1230744 1624639
1075380 1448144
5555415 6178899
1327042 6826615
1011511 1353433
2029140 2404708
1307590 3073418
2869434 3596160
1238671 3541971
2303420 4354551
1170495 1475596
1184279 1605973
1345508 1793782
2160474 2629203
1263706 1723035
2991020 3612086
2119931 3519823
1310011 1748634
1026371 1378899
1157716 1582175
935597 1232138
2661928 5422315
973173 1269794
1232315 1682114
1371549 2624443
1115355 1464934
1207253 1585640
1081735 3382335
1190254 1627673
1222617 1566915
824381 3051968
2653139 3019976
1158560 1508967
1841451 2342161
1235098 1619106
1040059 1509720
5509680 5849233
8327581 8593897
2366758 2739400
1414147 3333441
