141751416 174697694
106786635 174055669
64142675 174544525
116227629 178674535
118510203 179501327
130556412 180754869
121295670 180606157
4324081 28379908
2839616 4122590
115308272 192637650
3938048 5044844
5450456 9348476
6157352 9390338
14509892 18071502
92630276 109934366
2676251 4513740
11345659 12819697
1980641 7005058
3952340 5071961
3607920 5361838
2483139 4083232
2890312 3811900
18937008 20567155
2497057 3329578
1951573 5466683
2889179 3858147
2603993 3509850
1493323 2953172
6181641 7155314
4918242 6086480
1760789 2745310
6184296 8217402
2497667 3566660
1959957 2899038
3065435 3801240
1833993 5001582
1919295 3966339
7822849 9306034
2254423 5133872
3378397 10054259
37629967 39261829
2310041 5068892
9783230 15391693
2044064 4254015
8608565 10651327
1958912 2912559
2830040 5157601
1821139 2776470
1251382 2301140
2654849 3592658
2971733 3730250
2012505 5360002
2127871 3818514
3458952 5503540
2528863 5516456
1310416 2178726
3247047 3932596
3383544 10085681
4024798 4865692
3154464 6078966
1953244 3860519
2666094 3550029
2304236 2988918
2127694 3624412
1527513 2361978
3199811 5218699
3956596 6332819
72956001 76629542
2652286 6682717
5396903 6091153
1530388 2645250
2028647 8866477
2889263 3611653
2896418 3571908
1835901 3629603
1249737 2018298
1249957 2100402
2241261 3090644
1237666 3303623
2592684 3277027
2383426 4974380
3540353 4485922
2823924 3679129
6715269 7416892
5240763 5944981
3541374 6191981
2463440 4076383
2338875 2996075
4549741 5249857
5479309 6275903
11514162 12286487
1312223 2096070
1203261 1960930
1403621 3391789
2926549 3472765
2122563 2882870
2102714 2840747
1269998 2079044
1200627 1773882
1342880 1964478
2093823 2952252
1361960 2881182
1203874 1842420
5671728 6564298
1481306 2973169
1140217 1884374
5878361 6538775
1847162 3382553
1461919 3845650
2132321 2700353
1531845 3575482
949294 1455358
1276133 1939494
1173049 2275655
1344225 6475865
1369096 1935098
4166788 6822429
1734258 2378736
4762709 6119646
2846619 3505453
6483889 7314129
3665851 4452131
2570175 4454009
2240751 2724973
1861795 3626169
2070096 4675582
4357608 5067423
2237038 4300624
2832061 3529444
1093885 1585540
1115095 1753703
1430456 1932817
1643843 2224182
1288628 1768692
14712904 15304480
817162 1226199
928699 1388445
2477012 2999135
1174721 1757358
836063 2076473
1003039 1510899
849183 1311812
1168725 1958930
1203268 3526221
3516044 4961167
2223552 2933280
873749 1304845
5236130 5874268
1103633 1638596
1227928 1772992
1988108 3007552
4773362 7253707
945044 1373485
1298755 1863364
1182154 1727987
2081398 2676118
3979670 6358803
804527 1269216
851779 1286953
2655092 3281362
1473288 2107979
1292985 1970298
2097557 3221469
3592437 4077420
1361845 2403932
1298270 2388234
2150068 2895182
981710 1466900
1733126 2308374
1017307 1416552
1928939 2537518
1351616 1918775
1952674 2443432
1302599 3187101
1388863 2059000
1511876 2165992
1155933 1723274
879089 1297587
3130912 3780402
1089456 1630296
1274185 1819022
1976760 2714122
1017448 1766381
1663949 3468052
10044644 11050555
12834669 15159617
1214500 1771104
6153190 7437463
1418567 2389545
1229671 1804292
9560341 13726447
1396395 2012781
2011068 2731574
1250342 2401669
1277288 1936600
2970787 3771659
1152100 1630719
2266621 2896505
1057267 1504704
4891287 5383973
4239609 6215481
1027599 1512794
1138067 2582800
1258278 2521586
2918041 3750788
2397937 3850041
1681569 4811850
825251 1173388
1107190 1693326
1113383 1545486
990370 1461242
2454741 2862306
2114723 3989669
1431622 2272088
1100205 1618302
1345884 2006324
1846854 3701683
3584867 4013207
10552650 10988240
7456405 12509480
1305810 1982443
1164046 1636041
3182053 3851706
2358549 3998342
1252883 1788048
760100 1136338
952128 1354525
1037647 1507344
1233886 1609927
1384996 1904779
1167366 1893016
2829051 3353172
1299382 1794484
6224627 7089708
7597689 8611946
1466477 2019993
3397270 4097277
5725840 7191081
3234610 3802861
6694377 7119459
2052336 9462361
1212057 1692454
1123217 1598762
4266476 4697409
7884898 9014668
1111015 1585222
4567181 4999459
1126484 1589620
1348996 1787056
1600969 2108996
1217111 1738845
1135088 1646885
9253068 9686259
1174614 2103196
1169470 1827685
1015734 5512700
9820800 10670317
1089166 1625783
1150697 1632603
11207925 12333063
1221060 1671590
2574147 3528218
1426180 2051186
1478456 2027950
2257146 2723189
1444714 1774467
1025397 1558068
832838 1195827
1136867 1604547
4344505 5802711
1127511 1607425
2740340 3227736
1021204 1344408
1352917 1932096
11585199 11966087
1966295 2493908
1478847 2092973
2525374 2966201
1846847 3716500
1781955 2200439
1065793 1508549
1306176 1849502
2307455 2807790
2355189 4520512
2021566 3410534
1833090 2209762
1236027 1798557
8387336 9431823
4305088 4786676
791223 1129635
1422632 2036497
3783044 4990745
5747954 8442098
1407884 2102313
2461525 2903685
2097647 2665048
2086622 2737082
1030602 1451992
3418176 4022288
1705908 4693576
4799017 5275565
1458302 6897154
1142379 1652675
1257173 1739197
1129413 1552077
1215603 1669532
1449429 2339325
1837027 4328412
908631 1255656
1613298 1929838
1167614 2199644
1102998 1627053
1326731 1860537
1226082 2745119
1358607 1870724
1066663 1648194
2091384 2595111
2559943 4497578
11193266 12364419
7684266 12372166
4909108 5742370
1000741 1415359
1243662 1645852
1206581 1694595
925532 2719015
3075760 4007721
1312237 1842133
1201741 1658023
2050029 2462465
1217969 3067962
1185218 2291797
2063149 2563808
1168060 1573853
2715288 3055315
2178793 3873230
1414630 1931102
1001058 3664535
743475 1055437
1130511 1592515
2577192 2996814
1288197 1737873
2917150 3411012
1077230 1508495
1312257 1849545
2118033 2458083
3767370 5152702
2344751 3228014
1722566 3729134
4464106 5060437
1652922 2208439
733000 1037480
1647620 2114305
1269766 1800188
1541965 2124164
9129295 10946895
2104249 2842182
1172380 1589006
2183464 4228389
1368114 2978335
3077712 5757223
5964693 8688825
1044190 1491862
2116825 2484211
1687920 2247788
1327940 1814529
1244699 1656301
1299378 1842043
1144872 1628261
1875932 2338555
1039542 1416782
2353708 2774057
1495590 3501419
956864 1247761
841996 1132773
2149903 4644432
6060898 6813709
3997127 6964054
944320 9203787
1733616 2033267
1169252 2631929
1447537 2015213
1331618 1867117
1406614 1828621
729328 1070064
10792884 11892650
2187274 2531086
1441335 3213761
5326673 5787966
1646722 2134977
1203471 1704688
1320128 1855636
929279 1250506
2845112 3293237
1880487 4119458
801657 1101843
1172271 1622081
1154043 1619756
1119836 1609328
812565 1164445
816804 1149398
1606196 5098714
1920175 2506468
1299305 1749863
1134569 1675506
1229774 1651615
899122 1322194
1269003 1728798
1208148 1665872
1916175 2380751
1954018 2333227
1189579 2944345
1553432 2056695
1006225 1413380
1204318 1568738
1160694 1668005
1543223 2025612
1408810 1992296
1069626 1527740
1330325 1806601
1051431 1362347
1033708 1423388
1037280 1540682
5518524 5969857
3297960 3652818
1045133 1540591
1301985 1658804
1460221 1985675
2182398 2570877
1373829 1731720
2400845 2853013
1371249 3562822
2301511 3280963
2306541 3914874
1068097 3068919
2132055 2975051
1903913 2505094
1217072 1731156
1080341 1578013
985824 1332866
1202707 1626791
1111860 1556909
1384410 3335947
1336448 3562519
4737081 5493070
2144316 6190164
982915 1446163
1036301 1560643
2040121 2739441
1382355 2028952
1959448 2389698
10684721 11154042
1506527 1808243
1512211 2029252
1099990 3492222
4047282 4464320
940002 1614002
733150 1039059
2113444 2712319
1949960 2277626
1326573 2977910
1313440 1690094
5520612 6943460
1206214 1608339
2061301 2401906
2227551 3018642
1059468 1502250
1060141 1375626
1642300 2476023
1599831 2039344
1230502 1604309
1144851 1561429
991755 1307411
2366255 3624014
1096476 1501806
2202861 2677664
1987659 2352902
1348842 3226530
1859354 2339397
1220712 1629260
8695580 9149061
1193316 1615980
2124006 2592037
1202233 1616769
2301070 3825116
1573475 2063675
967309 1358721
984775 1274928
997854 1380340
1119888 1575276
1555087 1992568
1160055 1550325
1060506 1466192
940797 2732033
1899387 2625070
1040472 1307614
1357691 1809986
1268568 1802838
7138889 7886433
1223950 1640593
1573356 2116006
1428302 1915923
1237293 1729734
1156278 1574381
4294753 4601205
6951986 7608870
1540236 3080429
1316816 7955315
5276663 9065866
1226778 1768251
995918 1363390
1953952 2364833
936167 3001121
5412496 5753224
1345905 6765603
978319 1486814
1325762 1812426
936487 2955612
1174022 2406582
1147312 1579907
1013913 1413735
1307788 1758768
1156195 3521168
1064346 1409547
1284810 1803629
990723 1305009
1525393 1943611
1292590 1740733
4015878 4433008
3172814 5095733
11438417 12739398
1091099 1587093
2288863 2627809
1329888 3270937
1013670 1335641
1031279 1464053
1188709 1507956
1589435 3347201
2972343 3298349
1036695 1429651
1140565 1518084
1213568 1635315
1723740 2154349
1244144 1730427
1047909 1447772
1287537 1718861
1485632 1833419
1126620 1637649
1053982 1462356
1110552 1472722
5417902 5770875
1322003 1764932
1201794 1601224
1306463 1728860
731705 1117493
1043465 1374484
1790894 2178276
1045034 1377240
3941785 5213799
2602759 5202124
1370744 1790414
2234785 3601430
1343141 1739460
991060 1317817
1302041 3162912
971856 1409594
1216934 2143288
1133353 1505517
1067849 1412055
1209570 1643008
1726883 2183580
844675 1137809
817026 1072582
1339273 1771429
1106932 1422168
7556250 7962245
1867999 2549779
1166582 2588494
1536975 2029852
967861 1421580
2039399 2490779
2506397 2887457
1515679 3557654
998860 1271196
1017519 1349789
1749356 2220816
960888 1320307
1192165 1658049
1079938 1509491
2964874 3466170
1420393 3969312
826200 5879232
850453 1170763
1099937 1486461
997225 1416979
976443 1356065
1125488 1512405
1585829 1978719
907337 1205854
1823189 2360294
2339819 3445728
1046599 1414703
1010614 1379608
968913 1293781
1136850 1508395
1040609 1464461
1087556 1454576
1429667 1846295
1340515 1830738
1205563 1643290
1893186 2259793
1373063 1777831
2011489 2438052
1127359 1495009
900851 1218750
1080966 1416914
1170917 1615769
3655840 4089028
1928886 2803274
1163169 1585836
1310090 1729682
1201659 1594425
854080 1176652
1303797 1647455
1372546 1678911
1042283 1436277
1279642 1722058
1427225 1840579
1064753 1466530
1226978 1634863
865899 1172713
868451 1127121
1314492 1735228
1501198 1902760
4732192 5165582
1232627 1662554
1226854 1573648
1078301 3385495
1573307 3415445
3142225 3442959
1504276 1918438
4274074 4579768
1220325 1702989
1410099 1792617
825799 2445674
2687789 3013656
2020523 2444224
1223791 1573488
1068502 1384391
1508196 1883825
1254614 1603429
1331437 1712313
1770075 2132630
1148209 1579695
1089785 1460243
1380814 1774485
688215 957974
1228267 1535530
1380123 1814610
1285167 1601762
1420606 1869739
1052110 1354464
1469153 1810942
1107574 1391185
721050 969920
945711 1258783
1150742 1494175
3923387 5324273
1036804 1286411
1160629 1614286
1558044 1928471
1465341 3810212
1241481 1705829
1086040 1461113
992115 1472636
2384125 2777263
1374811 3374212
1434302 1728445
1232698 1587276
1936801 2370415
2447627 2771927
1340499 3396494
1116560 1532594
913202 1237489
1190626 1616541
1059040 1347299
1284980 3158663
2207645 2932293
696118 939241
2168259 2437492
4588785 4995741
1993120 2379100
1314298 3008698
793817 1175202
961921 1508063
1003562 1396984
905644 1189670
3379954 3860249
2643535 4999448
1732633 3199942
1108259 1446735
1138362 1596054
1372846 1729433
996857 1283480
984834 1419592
1184607 3228709
1254006 1689778
1137207 1493656
6208691 6984684
1957921 4939664
2131589 4949236
1616466 3676912
719073 3409406
1188529 1485486
1697560 7932415
1010973 1285814
934712 1216835
1131801 1505302
1157221 1559099
1072749 1462247
1197364 1625902
1167689 1507132
902090 3084608
1035964 1423022
894870 1227396
995393 1363675
1134750 3001517
2536676 2829446
1168667 1528115
1058791 1461829
1301229 1757118
1257099 1756395
7789618 8385957
1043845 1446085
1330264 1894165
1055201 1585085
1114318 1561727
1711983 2166298
1051599 2390305
2342762 2965816
900074 1228322
802899 1081045
4798626 5967211
898397 1203853
1043969 3313143
2960561 3290063
886072 1239889
4599172 5064684
2201217 2551821
1384183 3227812
1299893 1720554
2027479 3723633
3924909 4223100
2147356 5047767
1063011 1446909
1208820 1541844
2014307 2359496
1086949 2876147
1174936 1603567
1183609 1634866
8571041 9139951
2801402 3142028
2161476 3796276
1797782 2350082
1183616 2309188
796330 1036487
1123815 1782794
1686872 2003146
2088346 3660924
1610455 2084682
1474350 2053474
1113067 1482579
1100092 2830372
2474305 2811086
1478719 3494546
1218610 1631534
2648688 2971872
3693102 4437752
1165763 1553269
1284829 1724560
1052063 3849764
1880414 3678173
1415995 1835453
984482 1230937
1079704 1431860
1082183 1416093
1119918 1536853
1701452 2241681
1256266 2185082
1125799 1387307
1444495 1869239
976257 1382991
1099743 1502896
962600 1284270
1142362 1552216
1343568 1701711
1163716 1608709
1458879 2610320
1884707 2390567
654263 927823
731936 1003349
1054542 1480374
1111767 1545809
1384569 2996097
998126 1848036
4642949 5033114
1196845 1534370
1282223 1802230
1749059 2181054
1207015 1687488
2005353 2500378
3448649 4073043
2629360 4651452
6548313 6891255
1078127 1467926
1170879 2085225
11594253 12311810
2300207 2708089
1379651 1665596
1083625 1509945
1458668 2886102
3300602 3983529
2194628 3965479
1579000 4809556
1185815 1511186
1157382 1574126
2498543 2833069
1305800 3478857
1918178 2215209
1144556 2897159
1150311 1554752
1119850 1498033
1063398 1471275
1049523 1432477
2539814 2830962
929664 1660834
1482392 1949101
4683856 5066149
4772829 5652471
1322023 1653857
1777775 2062764
1175662 2614794
1162887 1569370
2410295 2804188
1082184 5506405
845521 1124019
1024575 1433803
1074235 1399894
1131696 1485954
658389 944466
1157976 1466305
1055266 1354853
1195834 1588018
1198895 1550049
1181155 1638796
1276433 2470547
1092519 1456161
1158372 1533518
1019422 1335750
1130112 1443285
1027787 1403712
1795183 3242880
2950280 3215077
1587909 4025499
1654653 2049620
2089477 2551281
1084483 1481505
4351242 4624917
712082 8539659
858595 1114029
961078 1409989
1124663 1571496
1830203 2158817
1165700 2764703
725186 982759
945804 1279075
1311424 1726064
1251029 1689475
949769 1250537
975919 1265436
2610203 2896194
844343 1183897
1193902 1622219
774168 1075229
1177934 1478526
2753087 3049630
1288139 1683405
906452 1218946
3674293 3964482
1282965 4537245
774398 1050654
637056 861164
1654147 2144673
805430 1090811
895209 1169742
1008470 1333627
1239771 1677114
1060933 1399642
1148311 1542827
790681 1045065
996737 1327191
723781 988283
1160886 1564568
1028668 1408618
1218293 2166819
4407497 4737316
1625871 2015472
11549069 12217146
1013108 1328903
985811 1364473
988332 1246559
822836 1078213
920235 1240832
1156445 1613707
1148508 1475692
952410 3101897
1080938 1394267
1728152 2058288
1102205 2744638
1236254 1676466
1073228 1400806
2684226 3121403
1334475 3709536
740757 980039
1005068 1306134
1386393 1770419
2273818 2965791
1272284 2801763
3521172 4124753
926707 5666502
1276125 1670275
929523 1291588
1114228 1413162
842356 1093482
1152949 1528027
958539 1258827
1230772 1596665
1139952 1548101
1093116 1465558
1128707 1478948
1484561 1819876
1575741 1977081
931801 2265943
4109904 4671542
2027750 5238014
1430395 1980354
4098694 4367225
1052964 2648593
2619985 3229851
801428 1040761
2535853 6329118
1171680 1533716
752152 1001084
2208734 2494772
1523608 3018607
2982972 3544341
1273589 4292602
1162252 1537668
771883 2281276
2258799 2815095
4280344 7680137
1267385 1685460
1340671 3277735
4006768 4958951
3040974 6367756
1658859 7268824
900913 1179788
919516 1202245
944643 2453590
2445081 3037932
964433 4581272
898019 1128131
1063607 1464325
742893 987708
818903 1066926
828230 1111726
845038 2071894
1722146 2501212
1189189 1528885
965821 1351282
819217 1120298
918215 1198185
1236156 1568323
2204713 2513050
3145802 4694412
719155 1051605
2358265 2624394
742187 996676
888239 1143842
1191959 1564926
1144084 1535473
1302211 1742800
1818746 2249284
878546 1191172
3700151 3998138
5642795 5909789
1863722 2110316
1067134 2723504
857339 1127790
2952576 3197284
2120690 2533568
1076216 3067101
3023139 7643356
3187532 8258955
11704931 12059660
1638084 5955834
1497924 2012527
1034506 2025721
3948846 4563376
1025968 4025417
943182 1275130
840499 2805184
1193906 4122993
4062484 5373876
2303419 6001583
5540706 7029440
2841730 6926377
1419184 9296424
1688533 1945040
949522 2441899
2145437 2504079
1343202 3106183
1168101 1542791
980797 1324931
848411 1138892
5182311 5721102
4063142 9299787
4146804 10054030
4080888 8298405
4418007 8729121
1316058 3178197
1010358 3029982
1194118 17919620
1682669 2153134
6109239 6410447
1367877 2571030
1332268 2987145
2337191 4278857
3157893 5866556
13388455 15428906
1039645 1589852
1013885 1481051
1551011 1950155
1169316 1558218
1175315 1536825
2240705 2770043
1499655 3295795
7688644 7977539
6757764 12507819
6348322 9805994
6449922 9745080
6876108 9084532
3201996 3702751
1341043 1684881
1159256 1551106
1288336 1708462
4582265 5820600
2571124 7330514
6050403 7274829
4417504 7193449
2008895 11279115
3355364 8244915
2038696 4150018
1044606 1450230
848351 1135734
1277158 298104900
1779392 2279561
1772618 2150533
1287701 3532528
3319094 3587881
3426849 4063332
3398154 4475674
5087990 5869040
6355328 7764977
841866 1298966
1152443 225651828
868695 112054374
1162078 1510487
3731209 4174266
5295991 11453451
5706954 6371992
2609868 7209104
1889213 7367389
929717 1429561
2594192 3641877
4563511 4958469
1065483 1421422
927733 1215159
1071760 1477964
958583 1269426
948294 1274735
637128 860701
727526 956154
898876 1154413
979535 1210623
966393 1403777
2797229 3075374
3581992 6095745
1320141 1637305
2204483 2529348
1223190 3022360
1512089 1906200
862574 1159830
1193613 1440286
877179 1137296
995220 1289123
1738364 1998827
1054231 2479032
9573870 9869903
921958 1205888
986901 1379110
5056675 5318146
7554933 8905503
1172366 1558325
979293 1309257
836700 1120568
943530 1204658
968735 1303221
1043032 1405999
2081682 2396434
1185383 3039036
1075587 1456569
1012461 1370156
926204 1273617
1288657 1660689
867569 1136844
1860653 2132012
1249736 2650927
927281 1184937
1792535 2057335
1159050 2680052
808959 1074060
1101541 1529810
815190 1135574
1306617 1735921
1207644 1497688
2018555 2259286
1431504 2786586
3285981 5232478
4739031 5283105
1471541 5211255
1007850 7331467
6598543 11245936
6806145 12142554
14052498 14889480
1123054 1467002
1113269 1352926
1904022 2174496
1129028 6451403
955062 1218447
1944985 2171871
1321927 2718754
3348809 3855214
2761625 3082595
1732489 3742798
944058 1321962
853516 1143882
1689390 2153666
1068193 1378975
1150142 1658798
808619 1078529
1441846 1724825
981505 1477942
4493260 4835412
1211610 1921482
4785853 5040130
1130725 1474457
1139915 1466132
1591933 2000150
1102810 1408913
637307 862315
971638 1244558
1106879 1449064
789902 1068560
840720 1086732
1960931 3500447
3236852 3505795
1541289 4248501
1333735 1697696
942163 1328823
958446 1386520
994037 1345496
935166 1226152
1231869 2768402
2721259 3384413
2125583 2445658
1181836 2985716
862760 1121934
2667454 2953110
1078766 1316279
1254933 1679342
663954 910644
796791 1026792
5644720 5992024
966006 1347227
10704465 11270100
2351255 2723348
1229433 3254970
869809 1099052
1203278 1451436
1661497 2103571
937188 1237437
13960189 14530002
1016979 1317755
1081766 1436313
1695648 2107414
714914 956597
1213815 1628647
2233591 2513865
1508180 3193988
1248721 3200699
954811 1298527
1194618 2919839
2110953 2770660
1054944 1344580
1644093 1972910
1509652 1872630
1230817 1507588
1166056 1510150
1054565 1319745
977101 1289639
2958490 3820236
1338326 1750663
977913 1243400
975232 1304644
1185102 1535248
942377 1188696
1532664 2018895
5225308 5528553
1333888 1710028
1049229 1318149
1240054 1664091
1131950 1514935
873988 1113488
1115374 1533584
1741352 2142110
1110604 1519049
3038960 3457891
1309699 1709616
1345335 1699706
1175466 1550789
1070552 1319074
806874 1082011
2145444 2502673
1237568 3088881
1023519 1399581
1028852 1306692
655053 892932
1008491 1397301
1306792 1597805
1266187 1611842
1587596 1852897
1092911 2361582
1196346 1646987
1011842 1332039
1083828 1398436
1886655 2197478
1010607 1280556
980549 1299321
907372 1200177
1440364 2154296
1029113 1984411
4862373 5251245
4732874 5056828
1123170 1455371
2037181 2370540
1174430 2946358
2331240 2659042
1585742 3231974
1762361 2080180
4913667 5273803
1090386 1469767
2348038 3670324
1675118 1999007
1219962 1669249
1240868 1607037
2814757 3150949
1119876 1535007
1291493 1683197
1205092 1610420
1426015 1840338
1240582 1670103
1201868 1582930
1074411 1468574
1061521 1347213
1128873 1422888
1650721 1987531
1263676 1525461
4027030 7405867
9145492 13149925
16407947 16949577
1085311 1374641
1413832 1738454
2085979 2377394
1245355 2968213
3393862 4800826
1005621 1267430
8870721 9285197
1145410 1530408
2248571 2588022
1296056 3199057
930373 1334244
1398717 1753649
2909869 6600339
1002877 1320542
1143510 1452996
664209 952098
2029706 3804929
3448233 3743417
1467160 1724899
1540459 1988364
2660814 2946548
4525162 6257049
8448568 8729762
1337924 1759391
1107734 1447672
1004248 1316461
1033692 1441407
1627463 1967903
1230425 3975906
1136056 1508010
705610 946359
2793536 3165836
1613963 3802113
1352862 1817351
994512 1390517
