1822359 7396717
1217472 1783224
1219268 1741840
1952676 2344875
1696548 3491639
2186584 2538603
1201242 3155066
1462910 1936235
996777 1947198
1262365 1737409
1119972 2222897
1129148 2212277
1156611 1624748
859305 2573003
985661 1285095
978203 2107386
1965929 2542010
2257481 2753950
1310135 2824810
4954370 7229224
1426137 1776909
1043575 1423948
897622 1177907
2311618 2633583
1075981 3235255
713969 1037331
1576913 1928057
995195 1319859
1013170 1324816
846617 1151561
961594 1330969
1160677 1566037
769645 1063426
2464995 2780721
2216292 2481708
1076807 4532002
840683 1185442
740517 1793794
1743841 2327303
801297 1058997
972092 1326714
988710 1435389
1086419 1388897
1046491 1391918
864852 2906198
820955 3629547
727916 971649
1024986 1281016
3112622 3643606
1309021 4350038
2143809 3837237
2391027 2817160
1458860 3413914
4444268 7379125
3928315 6485671
3033219 7250005
6262674 7689603
3156185 5460558
5757536 11613514
8307137 12317468
5000104 13701301
1071865 1389793
648620 2680022
1359566 1807779
4673555 7154579
2009803 3328860
6810918 7464104
9423819 14424949
9218048 11861296
7719895 15676207
10122543 12078806
2671675 3119125
2021347 5147181
1694533 5121514
2718796 6783070
6451772 8053721
3001375 6878624
8699857 12954915
8995760 13416580
7373085 16244181
8394939 18179850
1235721 1536453
884950 3757092
2155814 8510790
2506420 5430343
5372325 9603827
4636615 9441667
3842980 6240611
2856917 8493048
1922625 12409054
1128797 4470647
4807675 5083323
820301 1591584
3223824 6175504
3462903 7235171
4616169 7729429
7148832 8474265
2994846 6264277
3250181 7826700
2027047 5006200
5930582 12300760
1209885 1555061
794582 3143496
3438578 5118915
3594450 8578818
3656519 4370992
3901929 9497861
8353883 8607024
5598222 9379850
5805802 16106912
9397121 15506237
946350 1285937
890892 1174733
4244392 5447861
2818033 4095909
4047401 4601418
3165744 7574943
3250162 8232781
6328501 9022553
2305520 10045730
1870999 11450642
1023491 1274356
788592 1027330
1183433 1513076
3878780 4751726
2571235 5511582
1837217 4868954
3989737 8896277
4116720 9603882
923385 1377323
17956927 21100681
1087339 1415182
711264 937011
4782007 6250575
3045152 6019203
4168590 6495310
2198844 5903407
2862266 8154779
1992469 9465720
1887819 6059319
1989693 6438029
1017472 1283415
889637 2748361
1239227 1613486
884872 1130262
2864562 3380707
2194242 3311778
1205867 4134063
1597948 1793240
905729 2255072
3515773 3710588
1171758 1572525
2178891 2503766
3519830 4431772
3041703 6700079
5296157 9876148
3430849 7455689
3655128 8767429
4829342 8614850
6125110 10428853
2235399 13232671
995763 2964450
1777075 3515463
1241988 8791595
2324965 7981472
4751021 12757495
8170581 13285186
7473854 21912982
13012506 20668446
19936400 28821639
20059800 27403664
1087239 1518097
1045448 1326036
5485935 5754052
3775632 10093233
954950 4832442
9776637 11460980
1240263 1806094
2216926 2904367
2593449 3003107
3406041 4490469
2096714 2575700
869126 1234269
1074972 1411784
1576281 4954394
6538163 7606652
8176796 11824763
10722200 12534225
8444944 12438401
5664503 8896267
8745855 13884579
1772589 1985426
1036415 2484573
1096545 1422153
725652 967716
1752782 1998493
962159 2554903
2789444 3261902
1027241 3734722
2353447 3406656
2310563 5457927
1122933 1485157
1076158 2737248
939973 74422510
1115844 2858765
1116894 1320056
2408602 3850510
2505959 4485959
6071624 9508069
2087881 2382170
734189 1497580
886479 1169886
914034 1151564
1107773 308733879
1536824 1900354
802908 1017821
1884259 2072171
1159438 2498992
5169128 5715755
4563112 5578446
994975 2653244
2324542 2538822
1211891 1499670
1305151 276325252
994491 2989425
2729470 3092355
1168758 5033059
7214056 7390622
1903557 2138848
6535293 9324710
7860052 8985850
1575165 2984093
2004208 3630472
1355920 270742231
2523483 5526052
1722784 5205619
4186915 5171204
3416855 7268748
3556794 7938045
3001197 9525306
8153771 13085862
8297646 12339905
1159085 1478248
896024 275810630
3017435 4243055
1151395 1358049
1894432 4022677
5601681 8043725
6697838 8447755
2661773 4123352
2128462 11036037
2074727 11830448
686438 905338
1124946 285512832
2659163 2859909
4738608 6618731
2059058 2507879
7989916 8270713
4038588 5448106
2391083 6257768
4433539 6592772
3979093 13190266
650859 887107
1000942 280769654
2537618 4290322
3662878 7445298
2728586 6568328
3031894 7511199
6770185 7522767
4178984 5682282
5289806 10412527
2581936 11221639
683901 880158
937685 283366876
1883856 5513093
3161580 7708329
4979043 7485215
2531758 8707387
6420830 8641010
6110506 12410484
6357784 11167853
3523292 13287836
2653775 13467395
923655 293337274
3569535 5053868
2964419 6039765
2383063 6643520
5138712 5846480
4418294 8145294
2985010 7611838
3052013 9452679
1384854 8573954
7768996 15316260
1166029 287764910
1126617 1437421
4174573 4588159
3518139 5001781
1909809 5436193
2990253 5887929
2578866 6688004
1759488 8154847
1327823 3714988
1280190 1480958
961672 293932718
744789 942214
969488 1255099
850406 1072899
3936085 4411579
2244370 4330072
3129986 5304116
1454944 6052403
7411829 11112405
707917 1131675
1157333 158643714
1163649 160266675
841570 1104949
3483616 3733952
1075054 4277861
1561323 2025632
1006713 1933652
1782050 2231906
1113023 2133906
1470329 1740103
1080637 275446717
972768 266603294
1209959 3078021
2332744 2861431
2166260 2592152
1091602 1287210
903367 1154513
1543822 3524324
1058250 2116297
864968 1313115
1508239 198033627
949679 184224915
2236285 2768902
2138378 3704073
937966 4446521
880582 1100536
731858 1032379
927158 1208661
790619 1044081
672937 862732
1355435 255774419
982220 144064894
1145874 1493058
863319 1083572
804783 2620194
873035 1066048
1744179 2214323
1179999 2131227
746113 959335
817866 1001507
858693 160062929
1008907 179626551
2432749 2728648
1103793 1321145
4359538 7892774
942639 3888314
712681 1003542
3036168 3526831
8118197 8337339
14342889 14945208
1391813 267285090
1168282 292097487
3371907 11161456
7756632 10935552
7876170 10862816
7970420 15630467
16873363 19051134
8296788 16256027
19449638 23241280
27629021 31095630
1038015 229359602
1149217 231874269
2109067 3894676
2377401 3552928
3139138 5134883
1717839 5950454
1228881 1742428
2762412 3986515
2898696 4811926
3088892 5304562
1444955 214229990
726767 214264419
1148339 1469263
921855 1145489
807630 1034198
705231 6845130
1895946 10375434
6824301 10235144
4963852 13776219
1220819 12194161
1159246 166809793
733211 167016079
1086681 1416649
999372 1218171
643761 854560
676676 893713
3608643 3830553
683400 1054140
888356 1085466
832821 1030037
788622 245771264
1241067 246172142
796561 1024719
784609 978390
607249 810336
774211 959397
719190 898818
8488367 8774418
1749565 2361100
1042730 2108110
1185276 135381999
1085845 137727370
1818843 2116295
995763 2706002
964210 1467204
3011200 3310198
1282453 2381627
1483612 1678762
1196365 1534922
1710368 2264222
884326 258643604
2012362 283102609
1227015 1554658
5080197 5395134
854781 1602857
2499284 3846264
3605979 5137469
4161726 5009520
5051712 5974604
1052908 8490367
1182932 143691412
1100656 177816368
5001264 5605234
918487 1144263
709134 2355633
767791 3642295
1191239 1383557
1294514 3679701
3041574 4116676
1161485 6049431
1567528 278668948
1028145 279072084
1894511 2133761
1027195 2437892
892241 1083465
816435 1059268
1169335 4423848
1333034 6497132
2802559 4083989
3185419 8195924
1295654 138801243
4643602 138826411
4758463 5069801
9064337 14201432
996791 3590367
2152361 3330749
2772721 4497986
879050 5296874
4142910 4374512
5580293 5809116
767862 40697392
1276045 50203030
1030138 4293754
2357363 4277494
6204175 6699101
3372931 7721323
3533885 6924173
2525506 10874992
1184084 1611383
962156 3065201
1060737 207214430
1016786 185465412
959462 1263163
1848656 2076462
1175279 2494704
758528 3708070
834300 1576278
2553937 5482828
737542 3301969
7721071 7894632
1142036 161940095
8373302 162782284
5694604 6091104
1385257 8239904
1312583 2959252
2647677 4661458
3968699 6138234
11391783 12926902
793809 1103405
748282 2539893
890198 250612734
1562035 251001918
1470759 1872745
1742711 3293299
2744007 4957856
3349662 6096036
1778330 4636825
5962719 7694949
10680735 12083076
16651137 17400120
1008479 194682868
1093913 173975970
1130390 1421020
847442 1048557
818553 1058096
838138 2448149
1019663 1585846
2076846 2584274
3633802 4459790
9423261 10014534
911728 2286380
1252338 258962042
1263924 1638783
849591 1066551
921317 1161217
2301293 2547018
840747 2926137
950262 2245317
927005 1381545
10667391 11975591
875188 1157988
1594914 289374742
1055030 4308881
1500785 4482944
3246293 6004073
11186899 14580320
14332318 15038132
11643804 15457251
10578672 16807176
1715310 19108009
887549 1147131
1268847 301418720
5085985 5888155
2304765 7346168
689028 2792464
1968104 4215879
732087 4184152
6558354 11544663
6887813 13111557
7375986 14467717
12850458 15046128
1258501 286375176
987263 1251040
1186324 1415808
1212376 1551374
1195420 1896451
3728662 4031800
2189540 3357745
1150497 4664383
4141752 6267028
883148 1104273
875827 128308874
1220494 258315999
4005434 6312589
5773305 6962991
2042133 7681537
10342390 16958338
10397143 17447944
13704457 16596923
9414807 20813207
11068877 20899223
4303564 251731980
1178168 253068474
1246480 1615609
890133 1317985
1007149 1196574
913097 1106951
805133 1072699
1033139 3053560
1820543 2926230
1939520 3040992
4277503 252083709
991402 252094599
1035489 1302955
1131847 3210165
1002719 1198305
3604777 3868967
2426714 4779372
1714917 4764855
1283080 2876465
908533 2425807
978989 219861733
1095511 202085162
1021527 1352386
2435939 2998837
1068602 2874010
873093 1063801
831533 1053750
2049340 2393636
1111418 2433706
2076171 8513959
940699 181167815
21436561 238768947
1143105 1467554
1662642 1931407
918276 2493917
846782 1036498
831337 1358285
1468637 1969109
2455871 3021509
9112643 9323397
1161394 156018425
805929 146610096
1260577 1611831
673861 904143
2282185 2588329
1148501 1692468
1352375 2591323
799596 2039562
671474 1007972
1671272 2252681
1074651 162260870
942475 181617599
1371312 1775120
682199 920971
850620 1090851
941612 1137837
876066 2525174
920469 1236219
866160 1061252
667094 872444
1262273 265232752
4710895 212523581
986590 1286804
831844 1021110
854765 1148498
777400 965974
705681 889180
1538027 1807517
990620 3653650
1225791 2411792
1127812 259463040
1331219 259588330
1205465 1510473
1029478 1265821
1191115 1399474
908846 1378725
917023 1355187
1063541 1380581
4123962 5720847
4355196 6184279
1014504 181577576
1956901 181947818
1355671 1654620
1690813 2249664
1029141 2232193
888140 1127878
1012178 1246296
1044183 1530855
1122804 5317177
991688 1338610
1175878 1677159
1057611 294482780
1113376 1451668
2030034 4646146
1311160 4124072
3960884 4584222
2576963 4718852
2501931 6741552
2429560 9572381
797421 990537
987737 1315948
1227632 226437161
6457239 6783098
3097577 4877066
4253428 6439477
6316989 6797874
2603337 7576961
2630547 3255000
2786722 5176935
793269 11345682
845939 1053131
1049406 1330651
1109798 224801836
1072510 1384276
1141843 1510604
10070717 10351060
5746983 8368130
5858331 14783782
15754392 17635116
6287942 7078652
11195955 18592494
830168 1069294
1080781 66706066
1215294 188447387
1227531 1586193
1978977 2258779
1006696 2738118
1866833 2130180
1027788 2605219
758524 2288605
1996954 2194437
1073352 1480238
1119274 1373484
827920 190102294
1371236 1670735
1829847 3335564
4858453 5609441
2420376 5264356
2508379 6236558
823870 2438237
1636888 1822405
989874 2304249
1166998 1474651
1124078 265757799
911654 2565135
1791264 2271440
1170644 1405912
1676155 1915475
2087856 2587735
2328949 3024611
1346867 3574231
4049128 5153932
4187190 4769337
1101328 7225970
862660 25940894
1343737 42501005
906138 4289230
3407091 4244879
3026289 5682807
3107526 6410904
3373085 6845075
2025355 8217714
1024271 1391389
732559 994624
986021 166843512
1228625 180126038
2758604 4599890
4521883 5294416
2324674 4992488
1522188 2723630
3453923 3965629
1913159 9164677
1213899 1448548
914862 1716888
885077 250368340
1198504 251320452
2195802 2787717
1276325 2630219
2050026 2504945
1096326 2585069
1713839 1960610
1460388 4114630
923567 2455141
3029720 6164870
1099483 201425104
1013089 200790360
1331076 3261400
1141283 3996738
6407304 7977754
1828030 9475840
943054 9948464
1082629 2141131
2104889 2560964
2495153 15785762
4567228 191871311
1159371 202697606
1666396 1959694
732378 945786
1069044 1368814
1198053 1427608
1743433 3721834
1522984 5247887
999960 2165958
2084292 3524146
1045698 169232318
1255582 185690217
2025999 2392783
937839 1246624
3852504 5580217
5280216 6026631
1022481 7573109
978888 2422336
1081570 1292036
1118409 1728713
803820 178373850
1046869 184154163
946963 2218284
1864338 3550350
988889 4096632
906065 1589631
1289130 2462925
3948988 4139347
953467 1425882
828034 1074805
1428632 266425187
1005897 266845670
1199694 1500751
1185563 1445601
1089344 1607670
6369612 8336333
753477 1226754
1756978 3698412
1869013 4492767
9674495 10831751
1048447 151485823
1184108 182037113
3572363 4124487
1906061 4126874
785205 5711084
873420 1456098
1020352 2014148
1358022 2227056
2122930 2527624
3185964 3750295
1125584 187935134
947878 188873386
989174 1253867
3844062 6592072
2443451 3943096
8645410 9180580
2810252 4928293
7365332 7580885
1286446 11262694
4829305 5892707
709953 165190289
1163431 184990149
1077419 2782540
3620822 4113920
1429022 4668689
1353972 2065507
1940124 3425151
1913703 3875657
1436437 1739152
1557873 1881917
1064929 235796779
1269672 250013105
971577 1332453
836480 1153867
1081037 1326422
1212167 1418686
873660 4921108
1450613 6562163
3333989 3717523
5575431 5843532
904822 239444011
1191974 257774647
1258522 1578039
885789 1070802
847812 1045675
775923 967246
1930438 2321272
2047166 2487415
1071650 10533003
1174482 2369599
1016941 205902495
1124055 212252920
4755505 5086836
4827674 6312775
2722263 3853876
3297003 4679635
4289957 4963195
5093549 5694102
5823571 7518386
1027491 9214631
1241248 134363885
941375 143523852
989030 1213084
6741504 7458347
5609032 7363736
2979371 4231109
2970648 6136727
6656389 11835622
3603353 12360186
796327 1041334
4416389 261619967
1075413 262966295
2260066 2695667
1049924 1246965
1218427 1473249
1050244 1310686
2034545 5979161
2155120 6463355
1446839 3594608
2866468 4970803
1021653 206677119
825502 186394485
2493610 2800858
1238687 3324838
1057661 1275962
1000800 1490802
806590 1053760
1078666 1552695
1481857 2600073
676712 888528
1084349 168160091
1059217 177819525
4075619 4363064
4092570 6050851
1168163 1729631
2418208 9098235
3274246 3775327
2131362 5504108
1620360 1952969
1751566 2365771
910492 248654887
1157562 249719646
1160616 1451493
1301283 1545534
674967 863202
1362496 1573825
4530172 5851263
6115885 14022301
7196269 13993246
7508904 14394630
998319 189088848
1134363 179576324
1118814 1360595
857847 2796643
847948 1047691
2045665 2534865
1292606 2939923
2900776 5107773
1170553 3216845
1678753 7926305
960853 153241697
8535880 155255832
4448454 4766531
734423 1683097
2282699 2517701
963418 1180675
689873 2362467
998933 3979140
1224309 1513519
704889 1054820
1092491 222291388
906341 230913147
1217778 1460775
887751 3064468
811364 1026788
935698 1254613
873335 1042078
942538 1287603
1550092 1893665
1653007 1984630
1517769 243862113
962406 216106034
2182768 2452387
1064327 4400119
942914 4148770
5162675 5882878
3691118 5801889
9295387 12219445
3835798 9807965
13386784 15168790
1164457 126085100
1177586 127432888
1214987 1576970
3187891 3413920
2334916 3857295
2577777 5229429
1523192 5951699
1493553 2963437
1137859 1757609
2178822 2583216
1340487 155479655
1004756 156660906
960439 1244278
1901775 2133983
1729487 2518024
1767753 2191588
4496742 5228214
827366 4038147
4570376 8702035
6129271 11024798
1239402 1518240
1117690 1394035
750277 943283
1073548 1354036
819438 1059782
702140 894914
610078 789965
1563678 2837880
2595123 2811011
1089127 3509696
989647 1189381
1091590 1293618
892300 1138261
1014916 26553879
4728701 5305677
992057 1354705
1713279 2206387
2481849 3478520
963009 2043516
2347021 2535194
821889 4194650
1084054 1469832
998683 1334640
1050957 1287187
1138109 1442969
790269 1026239
4663959 5965324
1162619 5721044
1991338 6885063
2992612 9087952
3923787 9225116
5088781 10401904
1306620 1823799
2293621 2785590
2448905 6717634
2794500 7166043
4088220 6093309
5805332 7029188
1783370 7155800
5129281 8654785
5919041 9359692
3748008 11821672
883312 1201164
837672 2601378
2889269 4894182
2308177 4612343
4305816 5754763
1841473 5643542
3268776 8822471
3394940 7469567
2781911 9489279
4635625 9036197
918451 1251725
1849193 2295553
1206411 3910064
2654849 7399045
4752494 7047549
3145584 6970986
6424639 7665791
4080438 7620320
1565245 10046974
680811 6005046
879545 1096500
779451 2392990
3676853 6510829
2131755 7273200
5802629 10771210
7157936 10942934
13310014 14167518
7343351 14444426
7562749 14202814
2651037 8979330
1294359 16287789
1644041 1864152
2957028 5039927
1991830 5759864
4701914 6201864
2375489 7069706
2658251 7013115
2762612 9743683
5564469 9027624
6418057 10783639
981574 1276488
4471704 5153627
2582860 5841892
2664263 5769865
4711627 6650539
4084901 7569988
3294188 6682745
6099462 7311799
884135 9229260
5178679 9475791
1205947 1387625
930616 2883148
2277221 2553197
1378501 3093068
1014224 4977680
1879744 3115657
3491775 4581702
2162702 3024384
768556 4321293
10750113 10995766
900631 1506094
1233203 3229641
3072920 6156677
4272431 6974091
2618501 6900400
2695862 6106020
6041790 6737397
1593911 9616435
1338170 4069216
4896347 10362543
1062560 3345454
1294988 4681864
2287087 4746128
3957216 5155753
1825858 4837357
2678293 6404915
2799419 7826832
3650340 7808100
4049555 10427441
5596666 10736451
1139557 1555606
737287 2376771
2070800 4677912
2923543 5963031
2264731 6418094
2280706 5592843
5528661 6231587
5134128 8623627
5442617 10042664
2811913 10507215
604849 846047
754254 2056435
2033629 5062908
3603455 7048973
5989871 7076518
10723463 14587007
8031919 16146967
11219183 14623247
11130224 15805946
15819584 19295774
2213046 6347464
2473432 6272147
5436211 6084062
2748821 8875130
2542598 6930754
3843993 11362484
4800264 6814323
9305712 15073838
665573 9156084
694494 10823922
15844362 17383664
13547963 19774193
1122479 2261392
9828229 10287523
8274000 13393763
12782856 13373613
8600252 13274874
8909496 11365083
1855176 11787103
966218 15602781
1791102 1971994
960279 2386771
1323761 1641405
3190709 4452265
4459042 7083589
3780517 6762077
2879638 7639460
3102029 6789181
3309153 6647338
4242371 7568896
4310107 4591099
881154 1496305
2614520 3227074
2550337 5199390
2635528 5969221
1283631 1699852
919069 2270934
1207178 1926299
1831702 2377511
838483 3165766
1802687 2130237
1080241 1460380
1192296 1480687
1237503 1462695
4963817 6800787
2023990 6921586
5241486 8951740
3587434 5064550
3839502 5504641
4559250 11514948
849708 1041975
1173775 1362780
4436358 38174867
4489843 6514654
6237315 7018531
3348555 4517419
4482758 7493943
7724106 16505446
2994957 12261482
14600272 19348442
795631 1009576
1023240 1851751
1089681 294178982
2826660 6437520
4966094 6469048
6178802 7172225
1859485 7636936
4347618 7821551
4414241 7501362
3863483 5063528
2533588 11859707
663465 904136
1088772 283610151
2514918 3025239
2675887 3794755
6543364 6828446
5541055 9191298
5628687 9001199
4725801 5444700
1757692 4990898
5647621 10107797
1168662 1517123
1173347 270380072
1100959 1475252
973758 2657427
2254839 2556836
853400 1065890
2364100 2589973
986408 1200354
905550 1092036
2712480 2975831
1288072 1603649
1015808 272277409
3015887 6683342
3411816 6631615
6316054 6564921
3535947 7994641
1960207 7875910
5362480 8459015
12324435 21204388
16072777 21228909
1065926 1383604
1235100 173884533
1113356 1390797
1244659 1492114
904644 1095989
768408 971641
992773 1193250
1772853 3183724
2013172 3652090
890428 1153584
1002548 1194983
1087090 279872041
968191 2718593
2936246 3430785
5879747 6158711
2436908 5343478
3567652 4657915
1090340 1607895
1036782 2995859
5701766 6886174
766296 1077755
1049708 296396310
1920409 3257570
3223174 4026469
1778827 5233010
1426111 5982219
1736594 2134385
2038956 2461101
2055952 2313801
2837545 4674789
896237 1189392
1067212 293111415
2864394 6195288
4390107 6768674
5677760 6102648
2423204 6514728
4397115 7892565
2446644 9461510
1113355 3849944
2395701 5000832
873411 1189125
1098353 291802481
2094956 5894664
2282254 5407098
3883136 5989378
5472399 6871131
2685020 9842766
2501022 10415219
13135593 17472875
8167011 16109790
19323124 22751924
1019655 275189498
5207407 6228627
3063717 9705162
3955942 10402893
4880786 10294560
5707023 10967186
5908003 13884186
11004719 16733932
1084970 11154790
13979789 19922655
1395506 291746294
1368087 2159198
6607675 6862506
5486201 7443424
2352588 4107813
1525117 6086823
2527647 5294018
3312334 8995190
2344047 3601518
806703 2858136
1341140 266256670
1068121 1317161
1177624 1487424
2866303 3389685
852907 1061442
1095386 1605358
1703589 2849320
1405581 1917220
1665494 2284765
1047253 1247924
1314115 189826397
817598 191668604
1044703 1317113
1037186 1297008
922319 1161747
985150 4368771
734379 1094328
2243129 8086686
2474889 8514617
662317 1251921
968023 190692752
1360230 195906062
1365939 1666592
767563 1035610
1120319 1390458
802510 1002218
1045212 4472580
1283454 2747267
1197162 1544702
1797056 2486379
1311857 185849751
883761 186938431
1494362 1749705
854774 1069771
3235670 3435394
1826762 2307651
2331899 4387902
2775706 5559651
977131 2047288
1957709 2429577
3234775 3438544
896458 1065939
968579 1200358
1340247 88598531
983629 2571678
1883954 2378422
1761942 2512539
5393683 5639033
2249248 3274821
1539129 3705410
1191676 1419534
824217 1035711
939096 1149904
1029374 1255499
983716 1241442
999842 2580587
2011004 2403677
2425522 2691890
2242953 4148524
1504168 4645239
1072676 1305249
801481 1176790
1090760 1625894
2097916 2407857
1133758 31217227
1251625 1551352
774612 1070044
1740474 2181917
1067300 1259889
3324129 4306726
2180260 3521324
1948823 3669913
895389 1091129
803495 1020921
1002066 1223073
1179334 1476428
901727 1078457
6123225 6487968
4594031 5023058
2711980 7345017
4024570 5122581
3132357 5782988
3153761 6202631
990258 1422875
963310 2036201
1088759 61176276
950710 1243552
992724 1220266
4593507 5099667
956944 2235963
939372 2817683
3474251 8019529
3791409 9330174
643212 959927
810516 1100841
854720 1441110
1089672 133253481
921014 1218819
669262 864984
1992264 2276630
2217191 2417715
1397412 4092738
1004168 1572081
923576 1352589
881983 1891037
1037051 1222113
3803866 16418491
899130 55404162
4996443 5224962
4153578 5725232
805629 1305284
1831186 2441723
2563306 3707502
3766740 4879800
4682679 6233462
1105313 1567656
993328 1265187
4544300 285198756
1896199 3270889
3288609 3993129
1428920 3758040
3327143 7278059
3012856 4131263
3312693 4067346
1737788 6402962
7769102 8383997
736464 1060145
857235 291988637
5103470 6072460
2216558 8680963
3105064 8121825
6217562 12591491
8268427 13128074
849098 1471410
1786376 11990452
16511046 18568595
10003794 13719796
1474771 292299178
2706448 3215449
3307709 3691853
2628281 5474658
2885631 6100146
7726425 7970873
2384810 8556446
2643794 6807029
996587 7003368
3807654 12274658
826498 257129240
4359086 6560540
2009512 5968971
5913658 7217094
4050035 6770097
3363175 6781594
1957068 4447987
1933524 9992685
1049418 4039146
720551 4745946
915419 278775457
3577295 5722672
2857732 5670718
5082896 5530304
2310429 5452831
1373534 8113703
1580763 3874106
1899419 4683641
3041352 5057347
3946281 6314275
4054220 296416581
1322458 1610087
5486398 6727903
3740666 6046347
3068340 6714407
3277967 6681648
1974208 4051874
2570708 10289408
8729368 10148008
1125017 1406670
877715 26745602
1168515 223095024
2175787 2430846
1172975 2920214
2679962 3232552
3062632 5165787
2587141 5113236
1982148 6095173
3221035 6099626
976902 1485245
848307 186772723
1401613 187181655
2234871 2793355
1506675 2673997
1897025 2103957
2408241 3864428
1502478 3812629
1746714 2161890
1827761 6913225
1382084 3208263
1109633 175758217
742205 159937711
1144583 1437020
765436 989769
1087461 1356641
1019440 1205188
3751011 4368507
2095190 5245419
9454297 10817038
4550371 8269029
1008289 167593500
813042 144727007
3826864 4610007
3716945 5544871
2429511 7165971
3945634 6430461
2382072 4508880
2498446 4273160
746252 2191877
864058 1113008
1246944 211310904
838831 190085726
911724 1226088
870971 1195633
669917 856820
1069940 1242991
1005080 1500823
832296 1023005
996023 2568481
1028282 1293514
755166 147919280
4096451 182506512
1984292 2170749
1190044 2660254
1013310 4975327
2596364 5855617
1064654 1754629
4745529 9417433
5797265 9991271
10398466 11217709
1174816 218462496
910818 209156260
1199472 1494593
1084819 1329187
979417 1185360
804585 1030799
1114167 1310488
1420498 1726694
1589419 3967728
1040863 1457950
1086328 245951204
1045071 172915589
947443 1247093
890821 1127867
857775 1072713
1110361 1287890
787641 1099085
877147 1091380
1097142 3016677
1898498 2321793
923558 165243726
1212562 174368178
1003856 1431206
3616618 3852376
2981680 4585266
1975634 4555778
6276299 6609639
1468606 2673110
965434 1502579
1944334 3564335
1232658 160551094
802836 126658156
1104226 1416038
754031 1088373
854610 1103241
976935 1166074
880947 1197239
1025966 2141637
1048828 2536264
978810 1227738
1156491 160557650
963825 175729524
2355864 4647075
4973938 5476888
3013606 5453359
1916702 6130658
2513438 4028559
3971424 9106849
1067434 1396293
2095752 2563971
949293 246487792
1258233 234471585
3025088 3307826
2214702 3850845
2339701 4333940
2421812 3107414
2618932 3038274
838099 2748541
1638812 3281861
4054524 9023066
1184524 255535462
892727 256020251
1922438 2419741
1186545 2326266
671288 868328
786728 971708
5556006 6019553
1973218 5212871
2228956 5125612
2949799 5514961
1162366 247769217
846584 226554377
1093434 1357234
4058506 4378664
1056622 3113732
1073290 1330923
648050 938174
1815338 2537815
2022030 2436025
1067412 3019943
957165 183581254
4091787 135606888
1319945 1628031
1862808 2059976
1288917 2567191
832951 992661
885496 1129224
2041397 7707256
1976008 7668730
4122184 4685610
851175 246840326
24723018 249433681
6797439 7079890
3873561 6082892
5533593 7219165
6494685 8879192
8854726 10884177
9237165 11050553
10590609 12968062
11080334 14069177
851805 232620751
1392937 232982084
2120564 2370417
1388264 2992288
3410850 3697250
1630333 4266000
2201973 3899051
2081964 7144698
908803 2940929
7044170 12202842
1068325 255745794
1090867 258039192
3716676 6369936
5248514 6346362
2959957 5676552
1849641 6088177
5669660 11270980
5740294 8368102
5041726 12398869
2199588 7949694
1235083 158577550
1222800 168276634
699314 2412011
2081501 2293542
1298119 1493527
3171635 3374639
1666050 3654583
1457408 1693372
823630 2173948
1637926 2771525
1087134 242744413
950836 140004433
972270 1251033
1063454 1244943
809342 1210173
891765 1100408
1566370 1982956
3541990 4408106
964725 1196871
6274589 10074419
1345400 195051544
1163772 126024263
1283542 1614394
1100692 1421233
1010596 1247917
1031152 2368699
1943681 3862850
2805062 4459240
3916901 5944137
9864921 10041852
1018449 1276237
765434 984874
997514 1256033
1101666 1365066
1978552 2175299
1273499 2694354
846599 1035920
810969 982587
811199 1009013
870950 1058905
1302284 1583125
1772567 2035273
1032182 2529744
1192580 35770286
1085050 1408176
793469 984926
2455637 2855582
1810999 2786160
1213148 3405439
1857811 2046977
966039 2496948
1291732 2654803
910030 1159363
1005186 197748362
1337025 1663573
803291 993199
851811 1070394
927533 1123025
1249998 1415486
645048 935181
955387 1211718
2134471 2725932
984142 1292721
1054994 187998626
992309 1230874
994810 4163169
2649098 3096742
2008288 3815393
1219898 3163779
559770 746701
863154 1052063
1004143 1200899
953605 1182239
940193 1235967
997090 1285605
1251503 1549991
3257122 4179818
4454278 5682267
3700572 6040953
2717346 6410004
2758977 7062220
4197119 4961478
5490631 6603495
980610 1428167
729656 2616904
1097645 118523419
1040581 6019085
2173753 7770675
3406217 9279310
4186959 10809762
5043712 9952128
6142506 12114738
10879399 11559832
614427 917173
759462 1043796
1017370 299400576
4608477 6293911
4140723 7331552
6049713 6496720
3285821 7400654
3598442 6517691
3440961 7346404
4906632 9566818
1094524 2275785
693182 11978954
1015305 286077781
2402400 5013784
2918755 6649705
4171851 8115828
3315298 7479214
6763004 7856330
3466931 4915538
685419 1785236
2837194 11728308
7206997 11258837
1012678 277447148
907120 1111432
3057789 4984922
2421940 5825957
4564351 4760883
1743483 5068125
2735569 7950753
1059006 3892395
3890320 10669484
657959 3901227
775417 173757143
975216 247267320
4731149 5375474
1014876 1913893
1667901 2562036
1972404 2633455
2884323 4435048
906378 1172756
5171318 6144523
6216861 7444352
999437 203999980
1029559 191931336
2137599 4099822
4466746 4680947
1535150 5783879
2657001 5478649
1440926 7444585
2105870 2646135
3198878 3906299
1301568 4403875
1287869 253508526
830787 205760940
1044754 1284379
1066224 1275715
831488 1050028
714804 903117
810604 1378392
1149240 2095699
877659 1184010
748500 996854
1560577 259993217
888124 146002567
1044631 1320817
920508 1121642
2333026 3339323
5009289 6332258
5589679 6736954
6820607 7633327
10063906 11293460
16966206 17252684
1032413 238285679
792180 219489065
914694 2748121
2514169 2750814
1102995 4753043
1750119 1958410
1261619 1670005
1173688 2413946
2058476 3919413
662156 1697520
1128652 160063646
878796 160059222
1781317 2060149
698797 897287
771805 2182570
1056321 1264854
764637 946311
1113156 1474086
2492962 3508191
2375186 3594380
1334937 150244044
795379 139613594
1126400 3110929
2266482 2825615
1314523 1804005
4854038 5091156
2220624 3671600
2580916 4561912
787247 1067004
1801629 2279232
1114402 266987471
987484 267433340
1143520 1464693
1328013 1516928
784709 1059361
1141246 1756024
2304118 3059490
3532074 4530167
4719556 5807697
10447986 10968338
1981358 185122409
816976 194577172
2009805 3514881
4282404 4828821
2301986 5323509
1529386 5881443
1338698 1807498
1684028 2255063
1721413 3479078
798293 2897047
1114430 157760715
920573 184747481
1985067 4685061
5812230 6082379
3006877 7260920
3997732 8056012
3259355 7116968
3552927 6989284
1155005 1437438
1719348 2274448
1181551 241223463
1064468 234287871
1145361 1418041
923711 3036001
1080881 1259051
935194 1348371
914208 1278366
2481853 2970011
1262264 4876464
9287105 9780085
1121706 171581251
623480 157868124
1151185 1448090
2269995 3304935
3416961 4741617
2935046 4508346
4933867 5765322
7910811 8119124
5874104 6796488
13193684 13410572
942311 199360716
867603 188621719
1290027 1535393
936723 1196689
2341672 2563718
1593873 3521910
1903160 2671255
2112199 2605969
817189 1406590
1664703 1937865
1143988 51901213
708848 52593969
1197378 1473258
939259 24286733
862252 1130218
2900458 3728864
1148794 4693525
3599011 4914301
2051514 6030608
3793084 7025248
984710 1261443
668254 862342
785161 993254
1023135 1261324
1050583 89763094
998176 1247877
1271169 1444580
671602 873992
877766 1085122
3938191 4105197
1068868 1406723
721920 1046961
935900 1311331
4066856 4505488
970422 1952976
4720215 5595681
3671929 5542220
2878617 6206373
3109079 5640189
1837368 6662484
8117654 9590977
1224716 3053236
2124301 4281580
5657455 5897472
826136 1040998
2032786 2298236
1181708 2912672
2915871 5250299
3896222 5151623
2441038 4973611
1737417 4675083
2860659 7209917
5936956 6862106
1192441 1498260
1011736 1326995
3900220 6957157
5620215 6125173
4149306 10151219
11979898 18351830
11929227 17498764
11616584 19286680
12361127 16261350
18930434 22660107
1503459 1712681
973076 2140920
1821781 5228667
3927800 7875341
2485461 7793905
2709681 8868862
5843673 7551076
7123154 8861804
712033 10383581
4759175 9344173
1074396 1335061
862014 1079439
2082283 2333990
1111451 2823802
901277 1103566
4301416 4868323
2594036 5136762
2795840 4027418
1257412 1950624
835290 2164910
1051128 1367533
1034081 1341250
2284521 4584763
3535565 5725475
1837835 6139063
4911235 5402250
2598824 7752587
1099969 3868142
7391401 13239211
8110694 14587228
1422837 1898535
819089 3148175
4316365 7289301
5433593 7044472
3691227 8114281
3749233 7068318
4014946 8118972
7122195 7801030
972009 2683743
1936243 10937902
686083 3985303
938289 1228460
1374828 4944774
2836535 6264482
2948526 7446371
5194601 7127816
6342109 6993909
3538754 7636637
4441703 7781513
2063644 10685184
760403 922746
1069736 6501787
1115478 1465960
3991952 4957286
3194747 4878830
2505270 4831238
1753077 4718856
2398620 7990431
2133276 7690113
4606201 7072684
773912 1035026
2205997 2499585
2757446 5834441
4832668 7587410
3268317 7211675
4181102 6853320
3629606 7733208
6394719 7376183
1981391 7901555
1862171 10468670
1256223 1712060
1503178 1782285
1071297 1373877
1942415 2170316
1128637 2717331
3365246 4047788
2617096 3725477
2846606 4617429
3031616 4249217
5967674 6178762
1129837 1427256
1075403 1291467
940416 172027359
1120565 1371125
957605 1166625
4318492 4494719
705724 905599
819944 1121189
915366 3300168
2969203 3333026
678277 4812068
6639541 13953558
959116 18734664
1069861 129336335
1129791 1400675
1145086 1414560
2217271 2656012
4091210 8027100
1575640 2036489
630571 796442
2046405 2927578
9233695 10204324
1181893 1365400
1398203 1647409
1385721 134487660
978433 1244283
801260 1005102
2113630 2582174
1096020 2535260
765698 953235
2040488 5331122
1307411 1616631
784569 990186
4624621 4880740
971834 1194760
956725 1182011
4575941 5039555
1812311 2019905
928636 2486714
1020738 1194307
3212310 3412763
1928716 3547782
2140321 3463472
1450646 1646179
982331 1337187
1086444 1477469
758294 1163093
987601 1222838
1067863 1337571
1746375 2899530
2874570 3298349
1153276 3703815
2130589 2918179
1025375 2684593
1040302 3271227
1037672 1421182
844525 1026271
1284244 1504495
1052832 105802288
1043963 2523304
4871197 5344143
2560877 5913994
1084340 1727390
789927 1346847
4977416 5458215
706528 1035957
2115641 2442089
1256188 1436744
926060 283963735
2090538 3855766
1497484 4841958
3027831 6995078
3243584 7417973
6458018 8035553
3015499 8557191
1026474 9794516
669449 8696684
862811 10011776
1003782 291489270
2746405 4347277
2210752 4858729
4992365 5940328
2309826 5374487
3284233 3659942
2332788 3542988
956313 3223582
4890366 5969179
4631607 12025052
952319 284458919
5611005 6325994
4974445 10043061
6136513 11987003
2350526 8257138
3431849 9452367
9214444 16597458
12961908 18701277
16072034 21462625
855007 16174569
1519019 277773721
934338 1218125
4738494 4922976
852570 1786030
2184292 3182110
3082173 4331398
3828160 5578005
7389699 8212944
993567 7499869
987467 1371584
1081162 286555937
2079380 2567486
2691573 4817390
3841556 5508505
7458825 8069083
3156936 6638404
4949281 9719614
2153829 10466801
654803 2584115
7228130 10028959
1124408 266068478
2536280 2929565
3100013 4730258
4185302 4628130
3229510 5275788
3967449 5195140
2597733 3736660
2556645 4129303
4662182 10264467
878888 1119412
1094186 288916493
793160 45022291
1120078 2500135
2149120 2688771
3832059 4258905
6461649 6713827
1147240 5259242
7178150 8596040
7428771 12246750
863546 1184390
1121401 189080029
834890 177577283
962311 1253250
1782114 3746627
1109533 2182709
851666 1020197
1043683 2875713
1042592 2169747
1554885 1801507
1668790 2177678
1109923 181291508
725939 162638014
1975622 2469468
1140809 2393361
728554 3829390
618807 782639
1891627 3133538
1952047 2602305
2232431 2567515
1884671 3983071
1369472 175522450
1008810 152734759
1188902 1479885
1958744 3034902
2143587 3822835
5597988 5807498
1064330 3848702
1803386 7410105
1149380 2496332
767599 2287526
1377641 71665502
1702085 73623170
1326429 1669478
1864954 3238939
3230302 3955510
2240909 5643732
3019081 7213431
1397415 2035604
990978 1205677
1240504 3026088
5560592 6483113
7498097 14821110
626977 835644
5055102 6000800
3094381 8583605
7863438 12977348
7950138 14151330
5259606 8409635
8315725 13592427
4922185 11527756
1058678 1334050
1187529 1423418
871943 1152587
1088512 4770775
2965837 5508588
3959074 6212388
1585631 5581373
5165673 6742809
4204364 8054914
4281121 5473178
2714620 9895299
943334 1163741
1830243 2326591
1092787 1375391
1228777 1526987
934865 1166213
1121234 2628413
4289770 4742901
2212871 5247573
2401022 5893348
1270002 7438741
929377 1194346
675434 873865
1183289 132142461
2202562 2432458
1119229 2949391
699724 890888
888465 1083449
865474 1367255
1134851 2071869
637139 965208
836765 1036569
724908 939994
1024770 1250326
1133408 1397826
2106759 2327789
1292738 2797146
2724400 3426601
2251009 3057210
1613747 3985329
1420219 4506493
936549 2433064
973252 1262524
1080417 1322949
1276813 1542664
4003176 6639924
3410216 7352136
6552008 7256251
2770272 6911192
2032976 8335542
1038078 4621555
861121 1213879
1161289 1465409
863647 1073285
1190994 1422899
1465488 1739270
4999140 5433797
6930774 7119773
1707551 8521858
918946 2971730
5068957 10333299
2394653 5455405
589011 877165
1224547 1776438
849461 1174502
1066893 1311772
2064738 2246804
1385140 2681686
4374421 4563255
926254 1346834
1725450 2709768
1836374 3524821
992313 1181778
871794 1125899
870415 1100495
2307925 2682812
2028294 2266342
966402 2726226
4389985 4584544
1320157 6485729
2360174 8032384
3307933 8112959
7942009 9863323
670265 989657
1342098 1836118
925875 1343917
1129412 1424214
960934 1169243
2489035 3423530
2634224 3814538
1868913 3763434
1330394 4431563
1883937 6602122
989469 1389469
1512118 1829065
674814 859160
6546389 7109744
2104733 2558304
5168125 5396001
2327864 3174851
4520943 7401082
2415822 4398743
4535028 9812687
3891782 12096769
1231097 3017078
5056413 7013492
1131541 4020797
2291989 5212599
1943383 5240712
1969165 5607410
5337067 6779629
3938851 8056345
4207636 8448397
2872482 10386894
860805 1032665
609921 2085128
1092662 1283172
5221789 6802263
6472969 7886036
3245558 7337153
3446040 7020933
3713520 7091377
833047 9635798
5299860 9705168
818545 988455
825818 1119703
1107179 1353925
1095230 1342228
1856915 3200082
5504546 6217304
3113527 5896542
4054676 6804445
3291287 7677072
3498017 7568371
849312 1050770
911794 1124376
1039147 1478499
873236 16817016
2183716 2588411
2490034 2772814
2831177 4786256
961709 1262333
1448758 1695214
1484253 1955762
1688936 2335945
1021642 1261980
1097579 1382891
1037537 1256260
5316822 5541429
4344784 6137512
3116906 3904312
3354557 4281819
1140252 5371907
2252658 5450685
5700397 6258756
592182 876443
966171 1433942
901410 1210540
1198318 1446819
1054217 1313750
5670865 6105424
5169450 6833975
2142732 7295862
2622958 9379187
2487950 4562568
2946560 4905085
1316468 1824921
732546 1063967
931683 1416833
1125763 1381472
1058783 1311865
745284 958758
2904238 3591666
2156510 3505736
1506764 4148786
1588512 4622831
4320292 4802380
1026252 1434656
2431137 3179214
954524 84315007
4559007 5058225
952939 1170926
1344582 1704408
952389 1475400
1147287 1634967
1744827 4122476
3495654 3990217
848946 5648312
951678 1284927
23554427 28853712
1033008 43818253
1109940 1334001
2993087 3287943
1299667 1636370
789910 992782
1406078 1621514
729834 1113839
623684 1840546
905269 1207649
1379537 1600599
1035656 1367437
984245 1232835
941197 1178223
1158262 1333997
1826838 2269493
1163499 2173484
934786 2218213
1709433 2067646
1206985 1423615
1088212 1331942
868493 1076210
1042046 1325540
1374735 63360454
1107284 1343590
1070909 3041340
3021187 3740052
2868015 4345880
1278448 5042122
895450 1196237
711876 902896
945354 1164499
747237 945735
1159219 1370834
1241379 256147829
1008746 1253887
1944460 2683683
1278490 2571623
4264961 4693633
2255042 4235653
2349356 5353225
821047 1053978
810179 990351
954290 1146751
1248730 247035673
1157320 1459488
833839 1001338
752128 934594
1003796 1525524
1516495 2641123
1202816 1650318
1362034 2618169
2815865 3977515
840657 1039283
1062861 176244933
1068027 30353430
1103229 1311152
3568358 4018584
5415914 5903311
3250613 6290803
2474377 8588880
2381615 6880313
2698114 4446144
838119 1019701
1158060 1517998
1155009 1418538
1131524 1424879
1730841 1922509
844404 2450288
3352046 3523127
2809463 3913692
1368915 1797834
1373875 2464433
745424 905970
1488376 2002257
1700672 2044994
2124894 4925434
1168034 4610966
7310300 8106203
3818338 6157061
4625374 6859355
2024266 8230384
2693605 11678972
8736797 13079743
745253 1049022
785078 2263488
1106236 1390028
913614 2118304
2088064 2553192
1099117 1790955
3596636 3816810
3148530 5115974
3414003 4754145
4632547 5846468
991302 1204202
867956 2542620
1182014 11804405
3129105 3338779
2357393 3821871
1553960 4279209
654591 842334
1192233 2356110
885959 1223027
694804 854867
787950 984135
783354 991501
959854 1207304
4616683 4897032
2414443 3804665
795640 962748
760516 916677
5921062 6101567
776604 1134109
828861 2338267
834500 1130591
1117731 1510455
852394 3175167
1063236 1338003
953288 1165578
2135795 2342376
1070698 2757049
2718871 3475408
1000010 3061559
2843650 4820752
1260775 4312706
953700 1190893
809916 2535081
4451600 4966913
908486 1154093
3487919 3946967
1842439 4601576
2989160 5012601
1470575 5436102
2006590 3853307
4453445 6375074
895885 1111270
928817 1190621
4398682 76314185
1006267 1270409
1541594 1764805
2115832 2567037
1226803 2469623
2428664 5644854
2482263 5989194
3462094 6114736
910874 1085324
898966 1166973
1242259 228568003
1002253 17582781
909197 1151442
2217644 2407111
1142054 2808086
882722 1128158
1929181 2411855
3929802 4370142
1337690 3322778
713109 917165
1074736 1555663
1261907 2799236
920595 1133243
4909746 5129992
2536353 7915230
4812445 7445763
5711768 6348386
4964680 6755571
4910895 10940394
8987525 10823345
945667 1210561
1285544 1473664
2609409 2986442
3693643 5475875
3133422 5979290
5116457 5559316
6682852 7174888
8732248 11673098
1267647 7180889
7175178 7851234
780574 8061725
934218 4714122
5567559 6023736
2128089 4926689
2590532 6615676
2838604 6128331
4055671 7407832
6270324 7367579
3385459 6852537
1757759 10258960
2713393 6087472
772199 932009
735421 2142826
2240105 5639083
5041702 6492042
2800294 6425976
4091747 7143597
2244696 4393084
5151705 8498401
3443890 10832013
7042986 11492829
833695 1105121
812771 2498775
2263087 4279645
1618961 4948448
4041698 4854432
3044807 6867285
3136676 5485474
3228461 8745267
4345172 9051053
5820410 10737600
1261761 1526420
689270 2733697
3291742 5034421
2342420 4791760
2285463 5752882
3613895 7342866
3837235 7254765
3609058 9184860
7946349 8590347
5210372 9253688
808286 974161
2192089 2371588
2849866 3332405
2668136 4249551
1523606 4999284
1813233 2204312
1921714 2638375
1384289 3266065
657939 1841163
1139837 3154278
3570764 4031282
1467896 4069422
1102923 5895730
1045391 2793873
5506487 5916367
2828513 3350399
1863633 3294203
1115502 3989593
