1297099 1863573
2259900 2665691
1914667 2499385
1274946 1817392
1485774 1911979
1412347 1994085
2134444 2589809
1681826 2211905
1278473 1703612
1391626 1830837
1233954 1635294
1268145 1768725
1322004 1812165
1200619 1628463
2855027 3440959
1050770 1513375
1322541 1738050
1308750 1787719
1231585 1670600
4146510 6197455
6066516 6728891
1127132 1619824
5397281 5819520
1505182 1919747
1083965 1416564
1953609 2457384
1155560 1538660
1370927 4654689
1424264 1828816
1209893 1556833
1118116 1468602
1233076 1636915
1281041 1626978
1310430 1693514
1235173 1576123
1736000 2120465
1177497 1543623
1284722 1647687
1234698 1625628
1239805 1606857
1149306 1506429
1057684 1690452
1487098 1871821
3203620 3542763
1214861 1571637
2282521 2692712
2879832 3230256
1222696 1631832
1590191 2025754
1193162 1642143
1406831 1764850
1520120 1855478
2186713 2565900
3865675 4264730
1045737 1352399
1229893 1631366
1397652 1739239
1119828 1461661
1261251 1601254
1147740 1506529
1185419 1565857
1337540 1643341
1045593 1421539
1959044 2470118
1435142 1770239
1397221 1780795
1575845 1926751
1553124 1944221
3418397 3855033
1597489 2082332
3522898 3922268
3126484 3783068
1341524 1691036
4943931 5272584
4132973 5077188
1311882 1673497
1198788 1576487
6000755 6448423
1361911 1821977
1210538 1598404
1243350 1616966
1304651 1658418
1467913 1816014
1232464 1521985
1117626 1415453
1345640 1682245
2155152 2481464
1293930 1587731
1193794 1495618
1087415 1368422
1264203 1569313
1239036 1532478
6354961 6728168
1213242 1580324
1458420 1746531
1332488 1689867
1669185 1971001
1262145 1620360
1376177 1653355
1266385 1540349
1274629 1630765
1173584 1452548
1662424 1964175
1334877 1638111
2516428 3044380
1084160 1425669
1253444 1597203
1253690 1630890
1264475 1604649
1245469 1581698
1692881 1994355
1276316 1659492
1122833 1474867
1308112 1630782
1162932 1471319
1149082 1470974
2074133 2442179
3334628 3611164
1330431 1595107
1241243 1577707
1386578 1696969
1214866 1528752
1179744 1458755
4640088 5836050
1264019 1622775
1250914 1552407
2015537 2360017
1828727 2120877
1770158 2068037
1336345 1675363
1139173 1510710
1134427 1427858
1085784 1399244
1203809 1520701
1674721 1972780
1295347 1721961
1079346 1418173
1960845 2271297
1279917 1628817
1031429 1333632
1164978 1545149
1104714 1393606
3205871 3547084
1157234 1484717
1299636 1611109
1266246 1539610
1277197 1649556
1100964 1385945
1258287 1596345
1192089 1492494
1533707 1806067
2426320 2962453
1254242 1605900
1113513 1386909
1224062 1546052
1347460 1739296
1132124 1396801
1186798 1523467
1122994 1426706
1441744 1842654
1509414 1874322
1266623 1635514
1292405 1621641
2298583 2649142
1321816 1612492
1147191 1466765
1206596 1485246
1168944 1431574
1455340 1716628
4572836 4874911
4598186 4866677
1298158 1704965
1206771 1501335
4453570 4718600
1097725 1371872
1172798 1447066
1054984 1332674
1646995 1911406
1173037 1519606
1219744 1543863
1198099 1489538
2209428 2482554
1183646 1434598
1454204 1718762
1184017 1490878
1180481 1448943
1273213 1552963
1178081 1448115
1278342 1569353
1409923 1769521
1302168 1630297
1242053 1563493
1175469 1424981
1180380 1443241
1402274 1712832
2399525 2731918
1374330 1754930
1305201 1686273
1345131 1704545
1077518 1335911
1125277 1421025
1132637 1417181
1379982 1648927
1078794 1347828
1214714 1511295
1977159 2287087
2972565 3503164
1066758 1848770
1125187 1390425
1612046 1871973
1209528 1447549
1045562 1284634
1071245 1275417
1120106 1658008
1589740 1848196
1548164 1817464
1219428 1450364
1212348 1482710
1277443 1531760
1341397 1577455
1179180 1400767
987297 1232112
1415636 1652491
1410385 1711341
1280329 1722201
1287633 1660578
1002243 1220299
1002114 1221045
1251270 1584747
1345090 1647462
2455525 2929607
1351046 1604787
1200784 1544725
1360121 1668991
1332072 1568035
1235200 1555046
1365677 1651103
1227832 1506395
1156797 1418557
1252181 2696701
1492019 1751851
1276412 1583938
1181955 1457352
987772 1220620
1327877 1637820
3630197 3868848
1365002 1691070
1242607 1519149
1242606 1528396
1033871 1264371
1102785 2692028
1106735 1338013
1098050 1342667
1311263 1551505
1028065 1262676
1585747 1939157
1193784 1437768
1231627 1502902
1171495 1458268
1063373 1280803
1250647 1614636
1235986 1495893
1128147 1353589
1181033 1485034
1183351 1421353
1270747 1537186
1066526 1290054
1150355 1387862
1452073 1758305
1281326 1516806
1781142 2075968
1287667 1576789
1010293 1262701
1041010 1270385
1130064 1323670
1163201 1375301
2354451 2642891
1452629 1717216
1067455 1297794
1270027 1480300
1041883 1276476
1035368 1247854
1016500 1238898
1074787 1292898
1418760 1755095
1026430 1271597
1134137 1390161
1180239 1409929
1211840 1426532
1057837 1283529
1195183 1431526
1153762 1384302
4542096 4767075
1359920 1587521
1086386 1343760
1045065 1262718
1310893 1542683
1572234 1800414
1169182 1385636
1217384 1494290
1594380 1835200
1147317 1368251
1828597 2107965
1088938 1327899
1093932 1332630
1247888 1474972
1158328 1378936
4439987 4655273
1168274 1392010
1207587 1484887
1360923 1580635
1231021 1515753
1237848 1498319
1584339 1923121
1134638 1423401
1251633 1522656
1222318 1442270
1150666 1365454
1232019 1498744
1149543 1418883
4069085 4338860
1180037 1415596
1934947 2226558
1047926 1283643
1200135 1427800
1091528 1305389
1217393 1461349
1270632 1533596
1232747 1524347
1331324 1544191
1409353 1714115
1237007 1554729
1148663 1408518
1274606 1540939
4738454 5042125
1066775 1346804
1038216 1243944
1126795 1325797
1231165 1479433
1197211 1446497
1377877 1644999
1158511 1425924
1054730 1270988
2485688 2681293
1273126 1547220
1092294 1306561
1226863 1509578
1302581 1553607
1136674 1329919
1142931 1389489
1210549 1417512
1033579 1262462
1198534 1404735
1218979 1547700
1047112 1262811
1110495 1443253
1072294 1282607
1019593 1235954
1174239 1427167
1375570 1580309
4464466 5063380
1126583 1333603
4341066 4545960
1406257 1700397
1146677 1365245
4410625 4613820
1097725 1310902
1302425 1618466
1338576 1555350
1055910 1275609
1228094 1491095
1265111 1554479
4064899 7274920
1199962 1453759
1150002 1432315
1314862 1824764
1186311 1377700
1130462 1499516
1283551 1619993
1301677 1607862
1343896 1585535
1174115 1429377
1198667 1384974
1456500 1713653
944661 1141311
1397809 1591855
1407716 1695386
1123122 1357459
1083605 1306551
1187160 1384061
1268169 1509237
1201596 1446489
1128646 1342468
1019931 1216788
1124756 1330174
1014897 1220251
1126177 1408057
1898662 2140583
4251614 4575309
1177177 1439976
1217834 1410813
1115673 1352558
980583 1170570
1038527 1220775
1172464 1445193
1186673 1376869
1095700 1289992
1116313 1307192
1174474 1376553
1133826 1395910
2208834 2433192
1127900 1392571
944127 1143280
1199935 1416728
1419021 1718475
1068523 1263804
1434971 1669283
990447 1203649
975989 1183280
1093980 1351517
1211084 1460385
1170711 1397307
1571146 1767854
1873045 2143010
1181214 1410794
1318775 1765649
1125542 1321851
1172898 1354661
1120723 1361881
4170872 4360664
1102937 1312696
1166980 1386767
1330658 1510888
1099359 1314607
1428835 1697875
4704763 5198186
1703668 1954823
1260172 1511733
930239 1121742
1098492 1339120
1168829 1361273
1549431 1762501
1037109 1224790
1187377 1423875
1515240 1711992
1102592 1335229
1141405 1343381
1620701 1823094
1242989 1498067
1199727 1389451
1035350 1210723
1214006 1513011
1475521 1700203
1280103 1477649
1322231 1524566
1241098 1485104
1551701 1752699
3855800 5764600
1162620 1356458
4469700 4657871
1141063 1331074
4475421 4678543
1272498 1588269
1244359 1466430
1043078 1228304
1118917 1307622
2302796 2658176
2014484 2198771
3452604 3671739
1165923 1361163
1311731 1538852
1177937 1405935
1441560 1674005
1380363 1638055
1066946 1292601
1163462 1343201
1092909 1278099
1302356 1499085
1124012 1353248
4361026 4566299
1018762 1226977
1160829 1386560
1229406 1467365
4465951 4642284
1161506 1360143
1364448 1599459
1197278 1433999
1601976 1835425
1254874 1452721
1133698 1385207
4572775 4761379
1105633 1290629
1339312 1544436
1140350 1346585
1595196 1790896
4377027 4567988
1066287 1243274
990198 1189297
1239837 1456135
1075012 1258369
1203557 1384364
3983259 4551987
1167453 1432526
1026998 1232818
1321662 1553756
1060566 1248317
1061499 1268527
1164605 1347112
1070292 1289863
1497734 1683614
4369588 4881320
1320355 1525222
1237209 1483591
1284191 1490083
1042728 1235870
1230421 1457201
1221710 1456331
1144934 1342950
1130655 1315043
5226140 5439851
1206239 1452260
4252555 4721783
1096548 1277376
949114 1139397
1537377 1757522
1207971 1412735
1080443 1294842
4298740 4838141
1099734 1343536
1175740 1385108
1212370 1397876
953724 1165556
1231205 1432043
1192848 1410972
1370499 1559959
1063504 1262768
1225900 1436601
975174 1177486
1189441 1439709
4369410 4556135
1134219 1350057
1148123 1335647
1153067 1339142
1223094 1446438
1353328 1549505
1096638 1313921
1574206 1762557
1400076 1647683
1149174 1392373
1184892 1398502
1348957 1543768
1199657 1417814
1185287 1435409
1124264 1338388
1179352 1393978
1172145 1356444
1177247 1400989
1269864 1496025
1281974 1499565
4472143 4954909
1520440 1737589
1186566 1398042
1164065 1360171
4411310 4603548
4549847 4746002
1256266 1470811
1197139 1405416
1158309 1374906
1189232 1376638
1102300 1286915
1094871 1307260
1165282 1390510
1216264 1444431
1196912 1413449
1158059 1366009
1331845 1590903
1362543 1550698
1259038 1482928
1147349 1338078
1024558 1263031
1122590 1307593
1107032 1372402
1449526 1694367
1343424 1596152
989654 1173239
1386855 1575573
1962533 2202097
1124364 1309892
1211699 1416078
1328275 1566479
1608278 1802693
1149267 1357473
1079779 1604397
1216933 1399577
4516176 4696952
1190172 1392448
1010030 1212304
970843 1154906
1121601 1355943
1052038 1219396
1223075 1442950
1549632 1745045
1296454 1476326
4138814 4320704
1128433 1302725
1064394 1294739
1357210 1579214
1028998 1202298
1168866 1346359
909125 1073449
1004919 1168617
2316008 2634082
1146401 1338038
1155974 1346860
1022119 1226787
1028758 1204342
1286108 1519687
1154729 1325270
1092035 1317576
1127786 1304537
1223623 1433117
896464 1161964
1230935 1500141
989564 1173820
1318190 1561743
4420722 4901981
1041990 1223643
1130584 1340720
1220902 1434851
1042261 1223433
1315999 1550877
1008933 1177573
1435958 1676411
1087537 1366053
1401932 1613015
1153796 1346372
1058261 1256726
1227964 1415164
2886931 3136390
1059430 1340372
1196672 1468202
1163717 1362357
1118890 1282654
1246090 1482357
1174420 1345762
1106742 1337369
1026003 1218926
1162452 1357665
979766 1183266
1147969 1347067
1352723 1535807
1081144 1257247
1182764 1362305
1103124 1294945
1268598 1463194
1054603 1224586
1134692 1293060
1067222 1250318
1404639 1669291
1161837 1379212
1161860 1349705
1021735 1186327
976085 1151135
1231264 1452194
1212943 1401830
1245909 1473049
4603809 4787666
1164137 1364069
1032659 1192750
1281560 1494874
1078242 1276205
1224700 1398411
2226439 2534080
1125422 1324672
1244212 1413426
1088341 1269113
1116965 2540796
1165026 1362791
1183689 1387246
1105563 1281374
4606553 4777053
1160537 1379405
999623 1178129
1138552 1394484
1161637 1415732
1071805 1252018
1079978 1264273
1245989 1473693
1273590 1506050
1003509 1184115
1170873 1389499
1111775 1293817
1224478 1435364
1261420 1466448
994325 1173280
1133338 1317772
1153790 1378080
1073694 1253706
1139228 1312981
1432191 1611003
1167477 1384012
1286893 1502984
1870686 2095520
1177092 1351895
1123904 1300965
1178989 1353129
1255355 1461044
1184573 1362786
1059195 1300614
1015772 1194741
1082578 1263626
1051506 1231594
2100658 2279570
1589282 2290782
1247532 1448338
1481250 1703871
3843299 4296108
1278582 1529715
1041425 1232225
1379007 1543900
1179819 1373709
1342008 1598080
954301 1138556
1209402 1425519
1214292 1435432
1115379 1316177
1091773 1263756
1108970 1309680
1084713 1250240
1275081 1445859
1151968 1327164
1306639 1521340
1204036 1435650
1276440 1448438
1262855 1438186
1207177 1381748
998802 1164745
1281262 1491228
1155837 1333210
1223426 1439542
1240833 1416266
1169225 1374143
1324051 1568429
1095024 1282420
1151694 1348162
1339991 1553518
2039368 2266984
1126895 1306190
1065320 1301655
1072567 1286379
1249070 1456485
1212426 1398725
1192646 1408650
1189174 1426538
976919 1151389
1341321 1538136
1253671 1470222
1399418 1652473
1164953 1384789
4449919 4901055
1493602 1700800
1256328 1491568
1172577 1356074
1083042 1261258
1543954 1729193
1057225 1229060
1545090 1725174
1153021 1333038
1219167 1438833
1180631 1401283
1152043 1359040
1117572 1323029
924507 1099392
1179122 1356722
1002039 1186141
1431436 1687960
1111718 1374667
1216194 1446051
1010847 1178418
1094551 1306318
1203990 1388359
1034848 1196590
1225267 1460017
980863 1153308
1051386 1227977
1112562 1287963
1249228 1463474
1115047 1366386
1027860 1218757
1582976 1847119
4471095 4650426
1609804 1868185
1336554 1580066
1532165 1766427
1271945 1476032
1311282 1564402
1118027 1294313
1020543 1212301
1156633 1336964
1346052 1560023
1130699 1322224
1827266 2083013
1085669 1262983
1295459 1525304
1259973 1518338
1153918 1359773
1447907 1688087
1213637 1388353
1073742 1293401
1147213 1338942
1169250 1334797
1567220 1769546
986589 1159488
1138993 1337617
978480 1189894
1158726 1336816
1067825 1260191
1366871 1541546
947057 1111352
1156096 1384592
1185102 1401344
1488891 1692700
1239418 1433238
1348864 1518083
1248226 1444896
1235138 1443536
1009001 1173146
1032172 1258961
1220094 1433122
1329459 1513810
1149605 1322781
1180677 1389578
1017962 1200132
4290917 4459266
1274406 1476587
1019229 1204713
1056957 1250634
1432397 1660930
1094838 1322817
1188088 1380347
1176162 1357888
1192973 1370513
1185790 1463813
1203492 1376323
1273314 1456497
1388595 1605797
1276984 1484620
1135492 1333007
1236842 1443334
1248699 1435169
1095588 1326898
1001070 1200817
1246182 1440026
1119953 1282985
1012335 1224752
1100796 1317471
4233065 4407384
1177562 1401575
965321 1159387
1398448 1638179
1453335 1637672
900798 1078552
1278856 1464463
1128593 1345861
1436270 1637696
1008595 1204122
1003698 1180069
1233950 1443380
1111865 1361017
4461881 4645459
1166372 1343901
1427231 1667401
1526263 1712687
1286214 1529993
1446727 1624115
1096547 1283533
1534920 1786857
1070786 1235709
946765 1111834
974795 1155973
909234 1094608
1259082 1484064
1129167 1332017
1216397 1425505
1034944 1245295
1113623 1294340
1231528 1419990
1396588 1664221
1179881 1346633
1049246 1215572
1171999 1354388
1114656 1319588
1161736 1369038
1131008 1381888
1098959 1270759
1502556 1700876
1169646 1373769
1213687 1428218
1162890 1387583
1212417 1396230
993320 1178711
1550397 1759551
1497283 1723193
1147161 1329323
1034079 1209491
1153097 1383178
4399497 4562789
1113653 1331681
1143569 1330170
1049412 1233315
1118041 1298373
1431644 1654392
1212216 1452328
1017791 1181319
1127956 1323512
1183646 1373724
1109920 1331774
1109922 1273074
1147478 1310829
4454712 4931734
1086213 1295456
4302043 4481170
1145180 1305310
1108484 1318065
1268339 1454395
1513300 1687792
1266684 1495530
1142450 1362179
1163757 1365463
1120018 1319304
1122954 1310844
1228133 1407227
1207461 1425336
1439388 1652385
1110673 1317926
1226024 1406978
1029711 1209130
1156548 1322509
1263781 1490312
1216146 1393378
1794228 2002042
1052620 1235407
1454312 1702508
1088746 1285071
1537297 1734898
1395969 1605562
1161149 1403050
4469501 4659628
1463137 1651275
1078433 1251121
1044731 1240925
1321436 1568444
1119563 1291350
1189325 1402085
1112999 1360304
1186183 1378118
1227685 1413456
1247183 1464849
1309804 1481674
1431024 1659325
980617 1152638
1186512 1397355
3791224 4267858
1034147 1204529
1218113 1458960
1189020 1416409
1027207 1195087
1065734 1270779
1362351 1596484
1397954 1644565
1067945 1250614
1167167 1374596
1200162 1382259
1047882 1225414
986254 1199880
960741 1134895
1085734 1305600
1108534 1350209
1306644 1483759
1198773 1422179
1183544 1360869
1170300 1341704
4381942 4879396
1124787 1298301
969303 1132633
1441501 1621809
1329231 1576022
1233348 1454982
1046376 1238480
1094905 1259166
1353999 1603709
1056602 1232318
1101603 1342460
1003424 1208140
1219855 1404802
969161 1133136
4496422 4665931
1314440 1520950
1272897 1500162
1025957 1213126
1271780 1449171
2291538 2620980
1411497 1646050
1272025 1494184
1653171 1864193
1198983 1372218
1150679 1364458
1528339 1717360
1080972 1275293
1129833 1310360
1127166 1328469
1174539 1357262
1058784 1230043
1226744 1432249
1126516 1311078
1320858 1493977
997616 1177611
1138097 1368949
1119309 1282587
903826 1079959
1153423 1388665
1112268 1302274
1189504 1365728
1584239 1756579
956730 1137230
2935699 3160179
2346572 2550423
1153527 1353885
1345354 1570751
1066846 1257840
1291343 1509541
1178250 1351932
1299295 1527033
1088573 1306984
1126640 1317168
1112585 1287249
1238979 1406143
1184444 1406589
1065805 1240564
1153609 1333120
1294759 1513494
1841122 2072096
1331166 1497050
1294051 1511929
1296950 1478998
1166150 1434285
893395 1063334
1424838 1637576
1030906 1244656
1094085 1277242
4313119 4762168
1111230 1315428
1146526 1341203
987399 1150757
1422352 1592320
1202965 1396081
1084833 1249137
951652 1121047
1160666 1332642
1016389 1194305
1254156 1434468
1535062 1713603
1135945 1336839
4522897 4695066
979775 1160806
1294869 1520263
1439610 1602594
1058113 1262499
1145667 1347467
1062265 1241769
1453455 1633489
910108 1067529
1580721 1772404
1190092 1373236
1155753 1312625
1371007 1535952
1158580 1357021
996146 1153800
1316000 1532108
1229804 1469205
1487392 1668470
1145190 1312467
1130681 1357851
1149954 1407241
1048534 1222583
1236559 1474652
1607862 1780557
1227858 1395153
1313803 1474778
1249615 1436078
1170033 1374338
1557795 1767583
1126543 1335591
1126309 1311697
1237496 1427577
996036 1159941
1227715 1453750
965322 1129512
1176449 1342613
1142144 1299566
1165819 1354859
1179436 1383689
1169901 1350636
915670 1109965
4085145 4552480
1293860 1467703
968066 1137674
1378132 1597813
1229584 1396516
1187565 1398141
1113194 1315813
1016444 1172036
1295412 1470929
1207560 1399438
1023305 1182706
1215059 1388228
1110247 1312092
4387403 4579689
4487647 4687838
1133843 1296332
1007582 1205447
999376 1191825
1191203 1385824
1217606 1405238
1370543 1539359
1089474 2400430
1237582 1413792
1179695 1350289
1481933 1741480
1098460 1261009
1089343 1283829
1182085 1401960
1109575 1307872
1343561 1527945
1252950 1460182
1374288 1562315
1140113 1331464
1042922 1205386
4327681 4550568
942255 1104073
1065952 1292129
1139008 1356024
915595 1074978
2307050 2639502
929817 1095900
1197303 1398437
1136794 1316471
1006735 1179696
1105315 1289460
1249877 1468394
3482041 3734894
1328950 1598516
1175160 1424523
1178694 1412035
1180743 1385338
1135152 1330362
1444464 1599175
1229145 1426186
1037498 1243845
1506202 1714425
1097767 1281239
1586721 1752028
4408382 4890698
1137376 1290868
1204111 1379555
1237054 1458934
4448779 4620147
1074226 1243227
1515850 1800033
1131659 1347383
1210094 1392752
1355028 1565868
1266333 1462635
1302984 1503317
1000427 1174502
1148829 1316213
1092743 1280423
981714 1150384
1027055 1203081
1115743 1284981
1477505 1651016
1058490 1240837
1153484 1319932
1119967 1301573
1179894 1351973
1156320 1322003
1180650 1389968
1184600 1391860
1443282 1653094
1186494 1415527
1044678 1225192
1138549 1330383
1218458 1432207
1113623 1309183
1164268 1371445
1133484 1306088
1218278 1401812
1144605 1325043
1139715 1313866
1475657 1714916
1238582 1459416
1218825 1425733
1005764 1175634
1185730 1361445
3797075 4345309
1322547 1548446
1900504 2132614
1120821 1322406
1143343 1314338
1207716 1419372
1324081 1576684
1182630 1411796
1208281 1382986
1524958 1773284
1064367 1240446
1073250 1249761
1121638 1303636
1134953 1306886
1198585 1438636
1252680 1468886
1079788 1277395
1308142 1481515
1185794 1368468
1090127 1268884
6413234 6661296
1232102 1513828
1176333 1388044
1076913 1247113
1074613 1247494
1260264 1439721
1416654 1614669
1148048 1333676
1129545 1337508
1315898 1489356
1273579 1447428
1524255 1723725
978721 1140909
1009546 1188193
1159581 1372056
1039591 1207311
1192598 1395473
1174049 1407243
1151543 1326409
1493751 1664799
1114069 1290480
1090835 1263370
1119681 1311938
999840 1184780
1131914 1324880
1424511 1608681
1173079 1342325
1183007 1381243
1220538 1476872
1285296 1493009
1710564 1912679
1362988 1603251
1524483 1733077
4462374 4617194
1325847 1493015
1695362 1866753
1155190 1420053
1136290 1338960
1254882 1449659
1179195 1339580
1091849 1301385
1165386 1334853
1149935 1318796
1114465 1294635
1480771 1661797
4271237 4734906
4645445 4839069
1473363 1658031
1597592 1814716
1239387 1458998
1130258 1306323
1105008 1301361
1394548 1569870
1033329 1206636
1065900 1254807
1158151 1356213
1070859 1271344
971556 1132809
1389097 1562021
1301911 1524425
1275214 1528250
1180474 1347035
1686850 1847859
944604 1116036
1145466 1365819
1204934 1371511
1231664 1406401
1323489 1496434
1371754 1621574
1402421 1563604
1216492 1377259
1181177 1385098
1060265 1266255
1120965 1334066
1086052 1280148
1011407 1188709
1328178 1505680
1381675 1606996
1195099 1375109
1347127 1532225
1401387 1669004
1115962 1321399
1393649 1608410
955818 1137241
999999 1168316
1198013 1401381
1092431 1262638
1149438 1351540
1025250 1203197
1285252 1483791
1532636 1700569
1012747 1182377
1139186 1359664
1277178 1498397
1784750 2004983
1138054 1347693
1254084 1475981
1075698 1279442
1240923 1440756
1021056 1189479
1199723 1400287
1283787 1496315
1113095 1310219
1151265 1323262
1219428 1410508
1085246 1272646
1500404 1758087
1216058 1428171
1449376 1621897
1135463 1304301
1189558 1379863
1151089 1317353
940205 1109846
1245056 1417698
1117555 1312676
1254005 1451784
1295930 1463922
1525402 1675417
1214376 1403658
1058758 1230949
1299750 1480052
1260425 1425788
1128881 1293585
1213938 1402532
1164203 1331361
1349423 1539907
1147786 1366982
1218489 1430629
1148214 1328157
1162574 1354903
1176108 1373378
1085188 1239012
1109598 1305863
1195583 1388169
2684795 2854508
1207694 1407568
1125345 1273908
1250405 1467162
1182410 1367518
921649 1080701
1140126 1292474
1202253 1373216
1140761 1329519
1105842 1308388
1030484 1201975
4601218 4768776
1119619 1288173
1069587 1228727
1140441 1308153
1122571 1315433
1093596 1279257
1066624 1226689
1079153 1271191
1081430 1283330
1170585 1333720
946698 1099126
1141367 1311314
1141644 1331116
962895 1133003
1223209 1381046
1068230 1268147
1299598 1495604
1044414 1226207
1336006 1520861
1334228 1594440
1109055 1289477
1272163 1474554
1142584 1346288
4332379 4511295
1066395 1224081
1177000 1336850
1088665 1279985
1353060 1558946
1438927 1679343
1447459 1648169
4134943 4589988
931882 1091657
1171019 1345304
1118501 1318416
1191898 1352044
1263416 1467542
3780169 4262092
1156074 1367099
1300424 1530231
1037597 1236878
974141 1172357
1333710 1553770
4454759 4631277
1029159 1193247
1125356 1288196
1159222 1379283
4448597 4623364
1259611 1458253
1606777 1799873
1220731 1413513
1490019 1715406
1231923 1400683
1310027 1487506
1151630 1317510
1086128 1244621
1156527 1318911
1213448 1417446
1128895 1320566
1202914 1426757
1106572 1290554
1012223 1172261
1232984 1425219
1456820 1657664
1228717 1413904
1157581 1349559
1120066 1298969
1027089 1207419
1064471 1236108
1097362 1289511
988728 1149011
1152746 1310631
1160474 1342994
1231323 1419584
1367653 1529405
1138549 1370464
1184740 1373681
1104327 1269967
985463 1141660
1141160 1381297
1242368 1409990
4313889 4775392
1240215 1398751
1317638 1473505
1126750 1309378
1165645 1318789
1187439 1370172
1265675 1458245
1053372 1222407
1132221 1358011
1147040 1375008
1226222 1415530
1104853 1290864
1275666 1443434
1145954 1339231
1466921 1722313
1278608 1446514
1068372 1237795
1156001 1321057
1258564 1461760
1030719 1200541
1160705 1350986
1449757 1696979
1026230 1229286
1090088 1294958
1001811 1164789
1396287 1571039
1510905 1685987
1288775 1516375
1432731 1638135
1131657 1304354
1055347 1212752
1124405 1317502
1051205 1204843
1969511 2119572
4577406 4787312
4512311 4687056
1094270 1273414
1290320 1444235
1365481 1596462
1090419 1299249
1122796 1302386
1132277 1355341
1131764 1339868
1203613 1364765
1029044 1193042
1119922 1292355
1041159 1225076
1482358 1701091
1095131 1298684
1200527 1409977
1290930 1450390
1083531 1240815
992887 1161543
1143938 1331478
1106122 1282873
1368214 1591166
1174112 1361959
1062263 1248806
1093797 1262654
1217497 1414017
3928379 4366001
1036244 1185709
1253042 1449134
1386428 1596325
1239169 1441494
1110047 1266322
4351071 4768652
1094136 1253162
1170045 1347427
948435 1095347
1170013 1360554
1165725 1318753
1306835 1493042
953523 1185647
1207260 1423400
1091777 1267617
953011 1144935
1357245 1536512
1027641 1184217
1412491 1620093
1097195 1248012
1170194 1389289
1131363 1322774
1079615 1250999
1178179 1377103
1376992 1534981
1041033 1185896
1256428 1479279
1113183 1324686
1142755 1343901
1075181 1225539
1045491 1226461
1110242 1288575
1398294 1556825
1217432 1406818
1104347 1271736
1094485 1261850
1254120 1447245
1329700 1516159
1439929 1665427
1216968 1403515
1015864 1177611
1234843 1444862
1295534 1451358
1239775 1394322
1275851 1430299
1201773 1434491
2126546 2330895
1188576 1374817
1038703 1230077
1144797 1325668
1211248 1384209
1145521 1322205
1000934 1165955
1447809 1647540
1193174 1387958
1120551 1268678
1302038 1521309
1083071 1250732
1388841 1551082
1061140 1211841
1608877 1775066
1173534 1371191
4542212 4711502
1158697 1319920
1119223 1292153
1010821 1185949
1037940 1219667
1176544 1399302
1250507 1422720
1239591 1433811
1229736 1477168
1164872 1331518
932157 1100624
1108134 1296986
1039157 1225892
1235547 1474947
1038315 1230856
1003646 1190551
1047358 1212587
1154084 1351337
1079435 1287865
1164441 1323711
1164757 1346130
1158080 1347198
1286334 1560892
946457 1096073
1199203 1409049
1425216 1669553
1138439 1284992
995475 1167642
4604851 4777782
1402864 1569432
1221761 1400454
977902 1154334
1149616 1335200
1144699 1314300
1224635 1382862
4329541 4517437
1030474 1222717
2369549 2689400
1111317 1298727
1296426 1564205
1459703 1629344
1409778 1608489
5414948 5647146
1201687 1429123
4590465 4752249
1146663 1317326
1242881 1411842
1443434 1697470
1103551 1284664
1399322 1595689
3951135 4416435
1202755 1388290
1202044 1361963
1165928 1325641
1166682 1334276
995138 1196350
2299266 2576645
1211707 1384352
1112959 1271704
1253971 1449668
1111233 1356063
1029258 1199165
1313051 1548381
1232833 1405714
1283828 1571384
1559159 1755836
1109687 1318381
1274332 1449243
1369488 1564464
1514160 1675223
1285826 1451384
1273861 1460195
919379 1084220
1771823 1970224
1176889 1353297
1163316 1351952
1139566 1370602
1099993 1279789
1213946 2571943
1116970 1308970
1039619 1217716
4478122 4899585
1089620 1281060
1099829 1277373
1392992 1603171
994068 1187499
1227296 1406017
1434608 1611289
1541710 1725081
1844039 2047856
5083387 5247040
1186371 1395669
1172993 1342419
1432020 1648719
1099887 1262040
991634 1151082
1124906 1301227
1221673 1412547
1097475 1305364
1137537 1306237
1074740 1240530
1184937 1380351
1462717 1690737
1110707 1304993
1169075 1326075
1149186 1348482
1112780 1304650
1177418 1349390
1034109 1203688
1032172 1204378
1356087 1574804
1095333 1297360
1112816 1285847
1011616 1191397
1163328 1317736
1133032 1286973
1189082 1359068
925705 1102616
1271108 1476239
1140766 1297908
1011444 1192318
1358770 1574356
1170484 1330090
1576422 1745195
1446280 1630220
1153498 1392552
1181700 1369969
984548 1148362
1246633 1441608
1236661 1396269
1080389 1247157
1154183 1334359
1160876 1320698
1086719 1257610
1113225 1279301
1266912 1483744
1011106 1172614
984072 1160923
1319614 1479618
1151740 1318535
922493 1101839
1157586 1345022
1343304 1519881
1235402 1399726
1116502 1317777
1118677 1313314
1294769 1463799
1309762 1471355
1017720 1187430
4435444 4595335
936334 1099523
1113912 1337460
1146494 1326010
4430070 4596170
1442839 1658014
1211564 1378797
1005526 1161894
1461013 1635218
1008964 1178912
1032238 1211380
1109118 1294504
1023413 1180790
967869 1124325
1080090 1235911
1378993 1540388
996711 1167546
997831 1153442
1155831 1310074
1172291 1377306
1215378 1392268
2015815 2233522
1142823 1310217
1072033 1251482
1028434 1195341
1097693 1257671
1790720 1991252
1124224 1285502
1134087 1309663
966050 1132983
986363 1153151
1194056 1397824
1245467 1431070
1020329 1231807
1103024 1258543
1473125 1628207
986318 1169740
1067216 1282344
923712 1133965
1415478 1651430
1203658 1403456
1278886 1473501
1220211 1425513
1140692 1295687
1088629 1240860
1335786 1543853
938289 1088873
1258024 1445038
4381174 4762015
903456 1083919
1035881 1197025
1261174 1430951
1786785 2012875
1143689 1337326
1015077 1162319
1139846 1308052
1226661 1456697
1147081 1341091
1231913 1435084
2286206 2595746
1314232 1516249
1229200 1388145
1170409 1347968
1023884 1187674
1222347 1376650
1136379 1311142
1118572 1335348
1118905 1307659
952612 1105393
1083978 1255564
1195717 1404327
963077 1138395
1157516 1349475
1585684 1762798
1022303 1192089
985799 1141075
1120861 1284325
1238967 1456075
1386969 1551780
4414103 4595299
1378364 1533392
1521547 1732976
4298422 4699584
1197817 1394986
1102894 1258829
1037803 1187378
1275517 1481381
998632 1177522
1098345 1275111
1163261 1372892
1098478 1248142
1192992 1427545
1170475 1339564
1060612 1238257
1179973 1376301
1048479 1235352
1186967 1347758
1513754 1665418
1144769 1321796
1849163 2072238
1194838 1364115
1030787 1202663
1442001 1630454
1064620 1231987
1279514 1438293
1399627 1559761
929445 1101135
1177121 1346739
1102632 1272668
1212928 1368079
1440867 1676933
1128752 1281240
1180571 1352614
1040499 1195594
1176323 1375311
1172770 1403286
1149014 1350988
1408555 1595172
1261974 1467383
1584311 1746019
4320176 4765944
1171671 1363182
1330407 1538296
1103456 1296226
1066895 1230942
1288076 1510992
1063649 1244264
1105641 1334934
1129390 1293934
1220109 1421647
1178733 1366705
1166474 1326673
1159731 1318151
938409 1099825
1243811 1450776
1048859 1224085
1185130 1351892
1200160 1371413
1136544 1332509
1086948 1278223
1291768 1433516
1123720 1297210
1140931 1321369
1253174 1405216
1154858 1317859
1241091 1412309
3776074 4244353
1190967 1447763
1131984 1320286
1559851 1718773
1691980 1852713
1182207 1340228
1142448 1334054
950687 1107628
1076071 1252297
1087514 1235821
1302175 1487011
4370131 4530471
1035932 1192446
1143334 1373048
1206107 1366919
1221962 1391911
1190926 1369269
1137343 1324086
915909 1069339
1222772 1386631
1302811 1482962
1098181 1268854
1148597 1367820
1405275 1559799
1086001 1273443
1030166 1176014
1158015 1345411
1042777 1210088
1290334 1503564
1302406 1489618
1055046 1195306
1000146 1176533
1206704 1370554
1310119 1527404
1153685 1328528
1175638 1386174
1314548 1481274
1133636 1315054
883723 1058963
1003083 1157411
1186901 1376117
1185344 1382089
1109143 1262673
4500858 4668222
988368 1136580
1241474 1450580
1602990 1795931
1068348 1266430
1472875 1701907
1327689 1535626
4193539 4345364
1226735 1403651
1215553 1409020
1153707 1345668
1278448 1491150
1166549 1380943
1199193 1392717
1053283 1223494
1627608 1818388
1246571 1432177
1125989 1315887
1242616 1445137
1177560 1419994
1048774 1217738
1165501 1324543
1124142 1282807
1135022 1298105
1355097 1574554
1173328 1354785
985896 1161039
1059747 1253625
1250649 1436880
1175695 1350570
1262242 1503526
4505542 4975492
1073125 1286257
1141792 1300792
1123491 1336456
1330881 1501049
1115687 1306036
1037827 1199505
1165378 1319110
1099062 1293390
1032378 1177029
1382673 1565657
1020094 1178084
1561888 1730035
1114018 1345416
1185660 1381408
1172947 1344313
1333248 1532807
952642 1119253
1240142 1418881
970397 1128073
1268311 1421026
1175938 1373235
1276867 1500437
1305512 1478023
969516 1146365
957202 1134137
1284513 1487503
1084871 1257009
1134493 1300891
1190550 1403131
1089727 1247122
1142095 1301498
4301184 4468458
1161049 1402725
1089247 1261695
1347267 1562068
1140837 1331607
1527785 1702482
1170333 1394719
1141822 1317632
1138949 1305371
1085217 1269227
1126640 1328078
1568238 1732682
1055089 1220743
947772 1091042
1259187 1411165
1250535 1459321
1264942 1489376
1875648 2065443
1583736 1767104
1323682 1532691
1349148 1529052
1310011 1455939
1065387 1268707
1015907 1184544
950311 1117033
994187 1155286
1161196 1391637
1097815 1264598
1209243 1380288
1150627 1295008
4437400 4597607
1246305 1411535
921883 1083089
1027218 1179517
1123415 1301334
1203808 1448899
1515981 1755845
1002038 1182651
952087 1108401
1251485 1456972
1235043 1462944
1162604 1325389
1021243 1179738
982771 1135119
1062900 1235327
1164918 1352297
1175197 1346424
1114254 1304049
1028622 1202790
1133135 1330400
1223160 1456881
1235045 1397776
1169231 1366251
1204627 1397842
1258992 1471188
1330276 1537705
990273 1152670
1130229 1313357
1067244 1249522
1006027 1210985
1095826 1287073
1165906 1360219
4319057 4505119
1059378 1288743
1244909 1398845
4256202 4408928
1046501 1206588
1098547 1269832
1081252 1272917
997463 1148044
1092776 1268813
1090401 1253455
1025985 1194151
1559480 1749172
1596639 1777720
1040921 1201621
1320599 1489049
1411067 1591967
1517643 1720903
1022305 1191871
1037957 1199168
1077257 1293917
1187369 1349690
961412 1127818
1241501 1472803
1248407 1458720
1252410 1453368
1131270 1294189
1110161 1301048
1151036 1352407
4348574 4791977
1049206 1225969
1115314 1285682
1186493 1388725
1124815 1294542
1314674 1535224
1119593 1295168
1166679 1359506
1397772 1558177
1128191 1294441
1136711 1295853
1099425 1312306
1089495 1256381
1425346 1598503
1118610 1301877
1158765 1319305
1162527 1324024
1094780 1271606
1311609 1518798
1214882 1399886
1219074 1397159
1319685 1474592
1173288 1340760
1290155 1486218
1177484 1331317
4395516 4821527
2310633 2567283
1401049 1608169
1228745 1391732
1237422 1444018
1054614 1233690
1537992 1713062
1024140 1208782
1172470 1328610
1125296 1285113
1183200 1367875
1379147 1558828
1130415 1302190
1124118 1287885
1059803 1236966
1158588 1344398
1258762 1454793
1132024 1290166
1379413 1532485
1174285 1334639
1094668 1264796
1261554 1454291
1082510 1272011
904096 1057427
1112136 1270467
1281673 1520856
1074750 1234133
1079468 1279947
1351691 1512673
4506041 4705744
1368461 1585260
4342413 4493905
1100301 1254790
4325667 4482546
1103683 1259007
1280336 1449396
1077380 1226489
1582632 1742145
1104446 1311907
1057384 1204140
1253206 1454722
4252719 4432411
1408383 1571350
1514586 1756615
1062799 1224058
1829339 2045237
1362170 1582353
1151266 1306195
1025190 1190780
994839 1185330
1204094 1406500
1134506 1309588
1205825 1372726
1244710 1397546
1286200 1523597
1195770 1353374
1079733 1231431
1117684 1283819
2249129 2547035
1233203 1422300
1305262 1475413
1250346 1467848
1125237 1342744
1199549 1403971
1159319 1324625
1181833 1348437
1070473 1239184
1157110 1311976
1012174 1215247
1369975 1603190
1240069 1404457
8740108 8910777
1151504 1323448
939817 1092859
1223349 1407297
4391622 4548905
1157297 1359637
1237090 1394294
1066756 1270400
1266586 1468136
1131826 1314744
1216849 1403402
1100259 1266212
1126254 1293330
952353 1121580
1355372 1513284
1091727 1293735
1012562 1177491
1128218 1321525
1088259 1280508
1026681 1194981
965436 1124041
1016386 1181449
1180863 1352873
1128634 1314473
1377897 1573564
2017632 2171093
1151725 1317335
1365786 1560762
1117781 1299567
1198648 1365565
1110999 1301612
1585614 1754474
1177155 1373213
1548039 1721223
1155610 1339066
1116558 1278860
1867200 2101523
1375198 1568889
1173039 1341866
1311510 1492170
1215572 1410162
1131175 1300684
2123204 2281866
1144338 1314817
1196098 1358145
1544039 1708475
4507986 4682479
1210194 1452611
979483 1157150
1060904 1219967
4411839 4579874
1197995 1388722
993450 1182226
1037989 1204402
1453553 1645316
1156336 1338418
1223585 1394953
1133138 1315922
1167118 1357836
997881 1161260
1502317 1709658
1236246 1430121
1206193 1627445
940774 1117017
1234069 1388837
1151055 1307717
1152888 1476121
1210043 1370671
1152644 1307138
1246649 1404770
1108034 1257567
1219656 1362605
1248206 1435079
1339838 1488835
1183498 1329076
993436 1138870
1068560 1263663
1299664 1442688
967329 2253196
1126165 1375173
1035415 1192206
1062504 1209839
1352292 1506095
1202149 1465654
937319 1096881
1156010 1303062
953217 1105237
1179685 1348839
975923 1119082
1136076 1289793
1013744 1171795
1283956 1457378
1076769 1254891
1188854 1372023
1410397 1595309
1262787 1457391
1091652 1274111
1046826 1244565
952576 1130109
1351001 1543058
1235816 1377160
1307363 1442794
1258604 1488246
1030316 1201945
1148534 1319629
1108634 1288978
1271785 1450826
1219015 1398277
1160300 1332291
1134830 1284794
1284305 1442395
997896 1173515
1038205 1196943
1440391 1656791
1365900 1516812
4352043 4795433
1562919 1742554
1174549 1350338
964886 1117197
1221482 1429319
1247120 1431823
1081439 1241125
1465641 1618070
1286450 1443978
1110882 1264649
1118189 1266417
1164851 1344191
1143436 1289132
1290965 1487771
1154356 1301455
1059267 1235526
2256166 2520592
1240476 1418594
1295247 1486944
1305541 1466321
1103772 1263409
1409079 1670807
4477589 4635867
1128847 1317659
1080129 1240201
1329685 1477836
1157835 1333598
908937 1049313
1004384 1145892
1218843 1390003
1364827 1567431
1159905 1302382
1232508 1411249
1195775 1390728
1363070 1525986
975774 1121702
1445580 1620216
1222487 1389779
1242667 1423868
1222860 1438477
959478 1120403
1186029 1332684
1299153 1489112
1172218 1349912
1224334 1398871
1160177 1363135
4512727 4681736
1150381 1309554
1249118 1400536
1162984 1333413
1120444 1286866
1317885 1498465
976003 1122134
1152166 1322077
1030796 1226416
928608 1067011
1314432 1476510
1241065 1389410
1266471 1415500
1115629 1279933
1041845 1195145
1142261 1291830
1252345 1400371
993494 1166722
1278095 1426568
1083938 1262010
1150222 1309719
1120059 1284193
1412589 1567653
1206378 1381567
1128030 1282734
1091840 1258103
1218871 1366898
1125163 1278738
947769 1094333
1083682 1223503
1120355 1271586
1217275 1383945
972959 1114534
1106478 1277150
1132106 1282028
1043423 1189086
1131931 1319413
1448901 1597580
1142413 1333014
1175270 1350203
1302026 1511528
1220902 1521868
1084574 1235160
2288949 2575929
1195781 1389322
1072307 1280150
1120661 1263648
1330544 1529037
1415523 1643109
1364742 1560453
957859 1107057
1080978 1240344
1203841 1399508
1292356 1446061
1143544 1302314
1250311 1433329
1281922 1459840
4470092 4900476
953138 1103386
1148222 1312367
1168275 1344612
1395413 1563530
1058636 1206826
1047481 1214382
1146642 1287534
1364619 1540373
1474534 1629350
1170664 1352095
1009497 1157496
1138472 1316841
1101670 1271803
4480234 6007359
1381357 1573452
1154250 1391961
1016881 1174819
4184847 4575170
1218960 1398310
1129667 1305409
1686483 1901735
1012856 1174844
1204687 1385704
1293540 1447292
1201756 1368704
1264233 1427287
1109620 1272318
1121151 1308469
1377540 1572459
1277343 1480786
1245980 2506098
1382919 1546561
938199 1107050
992566 1156500
1174957 1358223
1154870 1300684
1498221 1696676
1243911 1451041
1069760 1235230
1202225 1372037
1048491 1191520
980823 1143094
1452965 1599400
1183849 1330020
1194765 1364760
1172494 1366262
1116300 1265318
1154623 1335722
1046118 1219350
1387137 1563736
1153325 1346934
1080040 1242818
1038278 1206361
1056747 1214159
1147033 1313724
1174733 1307838
1102144 1324772
944058 1119681
1219708 1428851
1297708 1445603
1165828 1347263
1170915 1310638
1103058 1236766
1102773 1276564
1056798 1229550
1313639 1462600
1023929 1163729
1156267 1387093
1150833 1307393
1162861 1368640
1385073 1523005
1275125 1454066
1154499 1314060
1230745 1388992
1243328 1415698
1076965 1238769
1149885 1313151
1095549 1249714
1335208 1533726
1183879 1379181
1126688 1283914
1137396 1273193
1242950 1385532
2416536 2707580
1171528 1314469
1011430 1160287
1247044 1431934
1047127 1249212
1117992 1263643
1164321 1317848
1316294 1472906
1231640 1447429
1141713 1384634
1158128 1337708
1275298 1432780
936428 1101901
1212333 1384574
1175015 1336093
1260637 1411361
967586 1107069
4299334 4495826
937839 1074435
928071 1122564
1039387 1194926
3774076 4210691
1111597 1278891
1118397 1303235
1383765 1635109
1434258 1599647
969755 1113992
1126433 1271740
1231595 1419128
981873 1137966
1139085 1288498
1159325 1308899
1067588 1207935
1196281 1380201
1239520 1419877
2210777 2472109
1114844 1277910
1192109 1380443
1181212 1338389
1325314 1476770
1195234 1379580
1502714 1652183
945299 1113661
1255648 1418759
1173237 1376912
991201 1144472
972034 1126670
1051800 1199794
1155514 1308376
1086311 1265528
1139498 1297581
4429617 4587948
1144081 1297674
4598269 4748156
1124196 1303581
1207912 1397940
1321348 1522186
1056092 1209085
1118292 1300152
1075326 1248950
1120249 1282592
1241140 1441781
1355245 1565409
1112194 1304807
1228265 1389642
1255629 1397716
1158886 1301355
1202490 1389835
947850 1121980
1022269 1169347
4419690 4858666
1319517 1457705
1041947 1209136
1125701 1333117
1147522 1295423
1238790 1381994
1176654 1377200
1214748 1395209
1226170 1457057
1211295 1426877
5039833 5200716
1074466 1250599
1162886 1352547
1260803 1413347
1589690 1774057
1332666 1516788
1280004 1477907
1128879 1313371
1233154 1412975
1150996 1331915
1151927 1325482
1188235 1344935
943487 1098367
1195854 1364439
1455640 1686925
1158191 1348465
1128435 1273693
1238758 1388199
1136141 1313843
1093669 1272453
1208680 1372157
1525961 1700687
1188031 1382554
1092876 1248516
4479356 4620893
1148858 1343059
4401004 4549531
1378550 1533344
1106367 1257397
1109306 1271135
1447330 1613339
1072810 1237851
1026299 1159988
1078787 1221620
1043220 1214944
1226479 1382024
1109231 1289265
1142995 1305226
1022055 1195629
1202936 1369723
1169095 1350612
1155737 1328758
4568913 4720101
1209737 1388228
1071839 1235393
1222752 1376096
1414813 1644487
1094597 1280324
1241110 1413562
1036450 1187217
1057138 1230034
1159582 1313775
1115684 1352231
1192226 1364527
2201491 2438478
1072528 1234887
1083425 1225761
1126799 1292145
1173097 1364457
1256154 1427734
910869 1067328
1112945 1266781
4623213 4790098
1170055 1335168
1232657 1380657
1179832 1327815
1181444 1356006
1297343 1492872
1581594 1757148
1642012 1800369
1136455 1328428
1046364 1194888
4941437 5134026
1177942 1348062
1259992 1440168
1177552 1329149
1323789 1480217
1112807 1270803
1114051 1263010
1250312 1438381
1138859 1281645
933542 1088704
1143538 1341304
1507029 1660976
1239837 1416891
1250465 1385397
1393455 1593155
1276032 1457992
1291626 1482478
993946 1151290
1017819 1176313
1362232 1558126
3316553 3500836
4632240 4777480
1218846 1386719
1233945 1385161
1213958 1417041
3622918 3835522
1027418 1174630
