17815281 22361089
1142942 32027678
2347362 29757959
18878152 31350734
7890391 20972378
3094612 3915179
3110144 4201154
4512062 10936087
5560635 6279550
1328382 1908621
949770 1434563
1147823 1705348
2684557 4669982
2269511 5757174
3104465 3765053
1731531 2333310
1774089 2577744
1101235 1723204
1106045 2467026
4607765 47361816
1618632 2985198
1311130 2024425
1009233 3020216
1685610 2147499
1144843 1658779
2717866 3538597
759099 1199477
1052065 1516351
3016823 4440781
798894 1285886
4970499 5577159
7239506 13045772
1801858 3328371
1791399 2207193
1990740 3827143
1186426 1837611
1048104 1605412
937130 1512860
2963262 3441566
3385511 3882610
1473368 1921095
2313984 2870644
4962887 5408291
782457 1215843
9769315 10412951
1067245 1542075
1256084 1888211
853999 1383058
2738349 3246115
2770125 3476801
3045817 3468040
1582154 3999346
5634635 6084577
5205712 5610032
2582953 10056436
7193658 7606092
3598652 4013547
12294879 12863574
10905582 11391830
6111544 6533737
15622901 16159833
919122 1312410
2237027 2886674
993573 1565899
3903245 4446216
799540 1256028
5968357 6411677
14539350 14998854
9333133 11557313
7086487 10169524
12173211 13852776
5050288 7666402
1405495 1967598
4815162 5380282
4631169 5904460
10136436 10611439
1437826 2059911
1059754 1491790
3254980 3643703
5035312 5492462
8739568 9138664
910249 1272853
1582336 2160175
10680703 11232182
1347476 1908231
1412470 1757227
1535957 2028481
989783 1361594
5105171 5448106
3243335 6149999
4454360 4782689
886645 1207486
7251915 7694755
1292543 1934482
1193776 1671289
1284779 1687463
1733825 2146215
1276369 1792539
1306243 1727473
1409604 1760435
3693744 4007944
2289081 2689166
865338 1580471
1632785 2072540
2794000 3497954
736823 1107632
3611136 4049851
1350634 1942079
1311892 1850987
953198 1284072
4228435 4526632
2022443 5359440
6336636 6739176
2178261 5637433
1917312 2441164
772656 1099813
1003148 1399464
982936 1434729
2472868 2925058
7154637 8996901
1565869 2791664
2667102 2966596
952026 1289201
2471947 2788720
1080000 1485383
1036548 1324954
2552857 2883914
1472118 2052114
4732953 5231649
1368010 1734152
2691816 3014633
2216833 8605767
2790291 4641889
7263689 8334282
833261 1094640
2517812 2784299
1211852 1511517
854588 1181002
1026292 1446975
863757 1175400
1209217 1667184
1151033 1552401
1023644 1290991
2595703 2918258
3500006 3807267
1429652 1688803
5465463 5703209
3116726 3370787
811947 1070981
999081 1287067
1468704 1858467
2803244 3451866
1337131 1759073
1815891 2091238
1117986 1373551
1002866 1321983
2230401 2884890
723703 970863
2294146 2646419
814736 1068447
1185221 2926564
1638259 2074028
2056127 2436296
1289678 1715756
9001261 9359690
3693701 3957898
4566329 4797660
7189486 7440824
8670785 8926978
3846267 4174559
17476243 17782295
12885754 13153113
1233000 1679610
4766139 5182437
1232841 1621604
2849433 3142366
1834794 2092797
750024 5338279
1907282 2171736
3288422 3536243
1540534 1782031
6270919 6506511
1184041 1541368
3139406 3529200
1196723 1605979
1313264 1698379
1384411 1823211
1049349 1286964
4879563 5231781
3654330 3932230
818557 1056636
2415886 2759032
915731 1144620
911983 1213910
992737 1311498
1238366 1654452
1256025 1617287
1125695 1501672
950774 1227589
1602731 2256499
1066418 1438101
2708634 2995894
930487 1230447
2049327 2286682
700783 1250549
1167630 1400129
973765 1369163
1411969 1741247
3156811 3456008
786368 1041599
2320092 2665511
1293458 1572576
761553 1032037
1410618 1692060
844711 1186157
1287269 1510011
995502 1225609
1307480 1595474
2747313 3093902
6953248 7246475
3223204 3545761
5476281 5728108
3423685 3750806
6265807 6537111
8466665 8792545
1148961 1442975
2917711 3226402
3276204 3579810
992819 4239534
8357346 8671061
1102562 1354214
3043154 3452087
3412914 3876092
1623814 1861962
875106 1133181
1061064 1345169
3723776 4006862
1041916 1367240
925385 1198091
2659340 3060825
4268995 4582466
6974086 7266899
9117287 9362934
2376141 2669852
11137730 11412099
4216055 4490435
6004140 6277277
16626796 17046610
1872829 2117117
1207490 1515682
1229729 1643017
1100462 4620674
2073832 5982646
1712004 2032593
6025672 7788232
8338356 10025940
1274446 1532578
16786988 17711781
10774428 12320250
1337111 12210316
1286172 1758423
911461 1174045
729956 973150
762350 1016674
894933 1101555
900928 1211239
2691399 2972434
958714 1214525
802234 1054166
2104776 2319839
1164587 1535998
1792544 2005364
1250097 1535942
770452 1002640
3536383 3740738
2858583 3105665
842820 1068538
2225837 2449734
3714868 3957554
1083115 1315079
1167118 1520787
2133422 2404183
1592483 3256837
3899719 4105359
5555552 5810302
1574993 1785633
4395847 5697331
13578186 13804048
4486326 5714688
2484806 3586673
1299420 2281352
1156029 1497056
4664743 4901949
2681976 2903703
740113 954303
1225082 1450830
3483738 3674136
1667399 2193153
6328768 6546173
7089172 7303946
5862918 6213667
1115622 1450531
5115538 5350266
3243170 3445177
3987510 4183891
1937124 2269761
13923966 14119045
1177314 3661039
4158787 4392332
4126630 4343026
1043757 1330910
3510582 3933845
915089 1229259
2767353 3118332
1286024 5306771
848055 2391310
1963406 2185694
1052215 1969095
3168175 3368266
775972 2184233
1038968 1276617
1459531 1896823
6102089 6370467
6859915 7061025
9555963 9792100
11730674 11949310
4465639 4688383
3557658 3801206
6790983 7007654
4598560 4789346
14411105 17760506
1020118 1215194
1051282 1343796
4154566 4488731
1051760 1247786
1280351 1491965
2786997 3022446
6103973 6326295
13349346 13565203
12567462 12771626
12733446 12935966
1060643 1257641
7368782 7608536
6378575 6610319
5455538 5682101
3517808 3696568
3093151 3274995
4985630 5217650
3360092 9724812
3708129 3901372
12926796 13274110
1099711 1286983
809532 1034707
2082790 2266928
1146609 1368277
2655972 9150502
987411 1177907
5560748 5754962
14631613 14919636
4370820 4945622
7163054 7349523
3004105 3257376
2683772 2912489
4055692 4343993
2995152 3203837
5259007 5501942
13288399 13486413
6994419 7190010
8888694 9079078
5362671 5586673
22101450 22387803
19834929 20031596
9907160 10207696
6199368 6373095
7958051 8138902
11745762 11980140
9607696 9860559
6271404 6440912
13858821 14127771
16061954 16312645
10952807 11170290
17318930 17907040
807814 1213452
2677670 3069426
1023449 1259765
12595371 12842063
11790105 11966271
10541644 10769837
8455519 8722831
11336051 11502572
3921097 4108837
10574921 10766500
851418 1058014
2569378 2827802
1039989 1244377
843152 1072398
2173513 2342670
1117254 1317203
900206 1122879
1853006 2017748
2148976 2409284
1125639 1309548
1128164 1480142
742185 986353
1183675 1489228
928196 1172306
646188 812693
902766 1085592
847533 1059896
3614455 3770661
841380 1065325
767485 972756
899396 1118170
1705334 1908102
833246 1002821
2698668 3033720
3276105 3511758
4893611 5117434
711972 887031
951789 1191429
2317325 2586684
753934 1063137
1387840 1622885
3564220 3966730
1483915 1867861
1069688 1370284
1275279 1544763
1021431 1219015
9092278 9279584
8446620 8620007
2750759 2914024
2247754 2433649
5096300 5291324
1582139 1753730
1548622 1893710
4401511 9388967
1715189 2231421
1509558 1758055
759809 946963
940667 1146424
2797033 2973014
1109532 4630140
4443524 4613287
6552056 6726364
843277 1071714
2904020 3138626
2349235 2567991
1333327 1561682
1045398 1235415
983115 1193267
975413 1184670
1348406 1542341
2948121 3148139
769799 956666
876490 1055401
2220161 2420365
784108 929939
4134734 4785552
9481404 9728208
9367677 9529687
724680 884297
907107 1084066
920348 1131911
5449700 5620317
8466134 8616387
8281235 9516093
8970496 9559401
2221005 2428084
1321606 1782031
915412 1078196
1015298 1183365
3492920 3677716
5362820 5540653
3945358 4131616
1571525 4701990
1312756 1481886
4133686 4326009
1269411 1448235
1074600 1288507
4098268 4270978
782341 1008780
741665 904591
884388 1070371
5608385 5817326
1630251 1791244
2313833 2505879
3177321 3427049
6821592 7045859
1199426 1463414
840686 1054805
4844167 5089790
2494047 2669263
2989362 3155190
3029503 3178401
6322553 6815815
3893094 4043414
14841297 15010660
11667070 15543274
5735579 5960633
3606811 3790080
921380 1108370
1073758 1304171
4086459 4607855
961511 1166960
2624364 2909386
2155754 2355425
3395397 3545362
1585048 1810913
794987 978486
2764234 2949106
8565629 9030844
1464470 1743479
1198658 1470478
797323 985626
2383569 2583028
2208658 2428539
1400037 1569944
4113635 4292891
1210808 1461660
902695 1100525
1902420 2115695
4392326 4797045
1136932 1407116
1340019 1596512
4366755 4852973
2303377 2516044
3666271 3876028
1280459 1436692
1092020 1356042
829141 1043989
2352813 2542321
732615 889283
1229380 1482798
1987470 2230300
855187 1042381
2063888 2214870
4116019 4263665
6675091 6927014
1209866 1469327
1601068 1782336
2213035 2369051
2782231 2980262
9300195 9458124
2078844 2351504
883693 1039100
1289410 1462919
1568802 1799560
1875962 2051579
2401308 2550898
5409059 5590724
10014609 10234167
1770260 1929092
2427112 2592415
3993244 4241339
9910106 10155435
5189291 5607862
3207744 3372660
3034422 3204030
2324714 2480056
2748446 2916858
4258740 4421293
4677040 4847296
9232543 9392370
4504899 4776933
4286030 4544600
1015240 1211787
859690 3739317
1760467 1909841
833203 5653937
903919 1079812
2363714 2528746
1085728 1280014
3141368 17863832
1349031 1656731
2892683 3230405
1035236 1220288
923582 2677531
2978421 3141641
2117100 2345552
5548819 5710220
4807787 4964238
6942028 7118218
2255514 2435825
864882 1051231
1924404 2249728
815827 987529
2415576 2606651
1182530 1459106
841905 1005142
764891 961305
941314 1184588
1889919 2048620
1097480 1322300
761538 981642
5337237 5551990
10347214 10573513
922929 1149104
748278 983675
2400666 2646914
1206188 1385381
2035901 2213195
3379679 3575143
1483372 1631208
11828243 11998794
2097477 3877910
3728572 3949950
1505892 2961356
1188165 1427531
862549 2832537
8378462 8664951
6454708 6613607
5958781 6109797
6481089 6650769
2584506 2774532
1320137 1627520
910902 1137224
765282 945845
1119189 1364092
982478 1158078
1113331 1440345
1752938 1914885
889555 1042945
627605 782477
911922 1144033
1204618 1424073
6571135 6814824
7523013 7925740
1199353 1432465
926659 1214190
1387928 1732673
2310007 2554189
1137586 1379466
810359 1388000
863142 1037495
726196 912459
1676964 3354850
1686342 1874592
1051284 1289539
1097939 1371695
1099325 1360671
1119001 1497231
976570 1141480
2529662 2730126
1000710 1198705
2456382 2701858
1212310 1439130
2680737 2861424
1215756 1521617
743089 965877
1117781 1395108
1181224 1431510
1689923 1889121
1123006 2327233
3781805 3984164
932860 1104699
2223872 2388472
1987548 2158062
1395795 2754785
825491 991488
1407507 1747194
1217794 1478595
2249133 2432505
6044940 6230362
2839662 2989655
4160350 4304441
8026053 8236903
3811448 3998213
1101612 1252580
1891485 2080690
9852028 10002613
962067 1165544
1173784 1566061
1044187 1357865
2247211 2567975
4605121 4823832
1177783 1373959
3075737 3248127
1641429 1799533
2202517 2394233
1436156 2159939
4426053 4621543
1169041 1435830
1029680 1271300
1201669 1500508
970132 1228181
794649 984102
1155490 1337091
5085745 5324168
8611001 8781345
2411175 2611035
1082891 1562339
4566982 4808953
1279210 1576919
1217112 1510756
1145548 1410345
5746086 6009586
4987971 5170397
2288645 2443896
1123916 1279857
3981985 4161116
681734 837312
945533 1146590
1872249 2205722
1157233 1409618
1047446 1277756
1003584 1297125
2837287 3084659
790890 954959
1774548 1927915
895594 1054075
816086 967872
681388 827410
1909746 2126971
1544277 1822546
1133282 1331215
6522292 6748020
5630737 5807524
4583885 4740651
8501818 8734774
3036738 3181032
3535027 3683384
6330185 6490740
9082667 9507394
8181894 8332555
1084022 1269624
1092155 1365776
930872 1184171
786242 938473
788838 940660
932810 1116917
4870494 5014375
1305026 1824389
1276229 1423187
943821 1094473
909234 7877854
1270795 1502146
849635 1019029
858620 1009142
2082776 2224724
851556 1002061
787997 938591
1073269 1256750
1071530 1215411
1214998 1369162
1164078 1356164
1186511 1453554
2212178 2380285
1251569 1398207
3706754 3861208
1050902 1225926
1115019 1263157
4141668 4319014
2201861 2352082
1312527 1470682
1314126 1476063
1375531 1632123
6133196 6428583
5083665 5566010
2220016 2372866
2487905 2632913
4596845 4745505
6002977 6211312
9127573 9315101
8041499 8208320
9524910 9704882
1150051 1391554
1574403 1838660
4760751 4985225
4224107 4374804
2626090 5914362
7079577 7241921
3804214 3948577
2893040 3031009
8976673 9229379
1245081 1452133
2325748 2487131
954127 1190183
1074181 1287023
815420 1015928
1069074 1254192
730375 898913
712632 868612
861095 1018919
2096720 2249085
1044330 1202173
997380 1188541
855473 1054202
1158818 1469691
4489240 4823314
739974 918429
1145410 1364450
3153568 3358848
4642926 4838748
7815491 8000269
3813474 3985114
9534972 9685794
11591139 11739571
7508066 7781803
5590703 5821187
4660923 4853736
6229043 6388405
3894373 4060705
9067560 9287484
4636514 4831024
4616337 4754180
8953731 9148363
9472629 9617032
2477336 4071847
1325934 2531140
738532 893859
2090921 2231308
680575 831668
3707518 3854812
1009847 1180911
3448643 3590156
876067 1019946
2091423 2231103
1267653 1442348
1192081 1467969
915435 1100776
791551 969136
1915009 2088050
1107065 1255643
726715 898229
1023668 1171914
683698 833591
946334 1115777
742646 888896
5643224 5869442
3252537 3399728
8153698 8304452
5027058 5190709
7463099 7612765
4320868 4481582
10191249 10419007
3730475 3880480
8161257 8372000
7960876 8107701
1071138 1356594
947113 1097798
2204727 2387170
1036519 1181250
1163548 1321629
984989 1138805
1231439 1424590
1262359 1411979
1374969 1546121
1147581 1299174
874971 1133122
2529838 2777790
1163547 1424393
1703289 1981654
2538868 2727908
3206324 3378180
1275615 1468172
1895075 2053846
13895420 14139698
829654 995679
1428461 1796628
953204 1206100
1406688 1618405
1013443 1281281
1547087 1792292
1043220 1192028
769236 930958
658740 849008
942024 1122167
763545 928296
1126071 1398827
5771846 6055499
1204379 1462357
1437124 1775165
2104731 2262310
2893243 4113705
4459871 4604450
6015472 6233521
10008490 10147209
1379229 1581733
788866 993207
1017852 1296134
910068 1183733
1149591 1396464
1008102 1170623
2621053 2832408
805386 968932
941227 1089146
771906 917531
970121 1116664
1019855 1165543
1050571 1285846
866704 1052425
2512915 2842321
1198910 1509040
1177414 1412955
965984 1231176
805923 956474
1086261 1267656
6196151 6360565
1228505 8128558
5480640 5619840
4535051 4704200
1601111 1885484
742097 919435
2390131 2566539
3728740 3892556
10671746 10947492
6572641 8451134
2458271 2724523
2253080 2399910
2998052 3154473
3675600 3812993
2141007 2324754
1231507 1531184
6076527 6552641
5121587 5278806
3572556 3719768
3328486 3480276
4155137 4302240
4732653 4892490
5473040 5613590
3724572 3903731
13071592 13239501
1836715 2085386
1028501 1184674
872263 1024568
819310 1007644
2100236 2258191
942353 1131148
1077356 1231523
2270489 2431487
5280772 5422251
1020212 1187966
789880 976429
945290 1107034
2465233 2647623
897652 1040699
2077007 2220839
2402206 2570938
5278199 11072080
1822316 1989777
1744675 1907302
4712100 4884932
1156305 1432023
3673170 3905235
1957828 2174820
2324787 2472518
3065457 3207030
3749247 3896636
4510805 4703223
7406212 7573969
8648943 8815417
15669046 15826475
1090756 1364529
909793 1066073
846807 3316193
860927 1061687
841021 990058
1464174 1642566
1105741 1276824
667844 811542
6024328 6193994
2236299 2405065
1230946 1477512
3946816 4372310
962229 1186372
1061161 1275590
2841511 3148815
2035531 2247442
2738655 2887149
3858986 4073474
4868193 5034827
6791283 6988636
1250308 1507414
766122 920825
2234912 2429169
965616 1219672
1003086 1226987
2438807 2669382
1422945 1596579
1048952 1196579
3171038 3316414
1225272 1456091
8666224 9196232
1011531 1325017
1215374 1455600
1521267 1761484
1392425 1704657
3574459 3822095
2571212 2725162
1684719 1829206
5704932 5934403
1814600 1970986
1104783 1331649
1107558 1369610
1012615 1348733
1491823 1780291
6904240 7164301
985303 1236275
3020520 3261600
3125431 3414849
2906421 3055222
3416663 3614369
7609362 7831860
1308421 1535693
3803896 4052752
1186357 1446651
1135379 1410234
7037431 7221213
6709680 6877075
11437188 11583353
5838281 6014706
8670372 8813465
10223465 10416258
7464018 7617866
14974633 15186636
1063021 1316921
2638527 2834409
1134044 1391796
875405 1100783
710085 909330
804726 977421
753301 905819
746483 965093
788725 942629
640094 789758
832537 1007675
4698900 4838741
1136312 1399139
1154243 1430440
884201 1111460
2932619 3166589
2200803 2387107
1346845 1495251
4875711 5083298
1670571 1855486
908631 1083718
874392 1039097
1191654 1467561
1093314 1351367
1520878 1841350
2052108 2364452
1236194 1519255
831030 1053874
1065475 1204864
4382899 4865785
811800 959697
1892529 2037836
11061024 11294883
1008002 1300592
1231575 1510374
4509799 5039921
788391 951950
757745 961202
1154380 1309192
2245148 2417788
741663 900688
967039 1148004
2484344 2722296
1363094 1607092
2627322 2815477
2132872 2284804
1419533 1572301
5616691 5838506
1481213 1627517
1253496 1461698
685651 850590
2109777 2256170
4956299 5134056
4435289 12405766
1175501 1397774
6053671 6252045
5219037 5369152
7962419 8208482
3285260 3436996
1440519 1614306
6263560 6441036
4434915 4589839
3496361 3631563
1711563 1862220
1461008 1741605
730520 910846
925489 1069395
1216320 1363635
1242677 1395665
4254898 4401718
1501922 1641560
2690053 2861884
2787465 2914019
2899943 4983001
1275449 1543414
989410 1203588
725931 881278
2420629 2582458
844123 1008955
2169114 2345118
919459 1138637
3402820 3563415
2671180 2811578
5363389 5585299
1199893 1483636
6927299 7200551
3267597 3452225
3233636 3403684
3140606 3279380
3796727 5823320
14986260 15204939
17997313 18420508
7983729 8121800
7877391 8005065
4830350 4981107
954660 1235469
6424643 6648180
3241840 3410102
3140718 3282176
11301939 11437634
11230051 11354252
12787575 12935016
12074577 12199782
16541901 16691188
20967426 21135835
1003468 1253197
880905 1040347
2385888 2578786
2783974 2938895
4533769 4778738
2377492 2519162
1441077 1589248
1087632 1232415
3684864 3822445
5836985 5971093
1115770 1282856
2697193 2886914
1160479 1322625
3804781 3998829
1280468 1431642
1178574 1414737
4084888 4270064
1018346 1170024
2275403 2421504
6991441 7134270
1197045 1486336
1077006 1322511
2392699 2633759
1280885 1438499
1116470 4691711
3086020 3251257
2452867 2724378
4803168 4935652
5558258 5764614
1006537 1147647
2094369 2374516
5703109 5894434
1289013 1606117
955956 1164053
1286894 1433545
2992935 3161627
943871 1140452
855220 1053491
1061476 1234363
1120579 1285628
1077509 1285897
1225258 1372390
978006 1159222
2710367 2883038
922524 2953918
5496554 5713194
5453895 5588530
2431587 2653094
3176213 3309849
4229441 4375574
7545039 7726230
9837723 10271260
954031 1238400
725684 886008
628058 779842
644901 786628
995995 1141414
881318 1058546
1168107 1308309
953026 1091351
888658 1030591
820951 989542
1125245 1403726
795430 943894
903047 1047336
903815 1041080
4272170 4504139
815319 1014243
855783 992551
1146792 1332946
1057387 1213439
866905 1012963
1363673 1631696
4257848 4429282
1197881 1394592
7175758 7385597
4808866 4952395
2974869 3142670
2093753 2243910
2071434 2221689
2533954 2683523
3782297 3923263
1177532 1498796
812384 980360
865299 1004961
2952725 3109478
4368381 4530153
4699325 4875314
2476030 2606782
2090868 2224685
2597809 2765915
6792043 7172997
1831707 2005568
1153585 1321823
4121141 4382953
1789001 1923754
740108 1172725
854867 1019875
2481285 2618499
1481724 1640491
2251650 2382640
3900303 4035620
1165065 1439339
1190061 1364838
805013 982169
4889187 5063880
922400 1087479
5245566 5387973
1734731 1873286
2326970 2466025
2975089 3105615
3764529 3895932
4085833 4259921
6319982 6520837
3655788 3817331
5677321 5815562
2940143 3070219
8458012 8685453
8940763 9088946
9684657 9832513
9589007 9710911
10303977 10439802
1269822 1516122
907187 1095600
2520551 2740487
1107267 1375989
2945247 3126027
4325932 4473006
2286005 2422066
6224069 6401037
3152893 3303266
2568863 2707812
1206045 1484654
1099300 1326761
2586994 2748377
4076551 4260215
7909666 8056770
9501953 9722248
1072189 1233455
880263 1023919
2374620 2523713
9101455 9257711
1198030 2622013
2125098 2385796
1387020 6762753
1426215 1617333
4850976 5019707
2976454 3123698
4005834 4164587
5045071 5177225
5630621 5764599
9648532 10044766
11303633 11447324
1200490 1472159
797979 978737
2479044 2647222
779184 951362
2063729 2243211
1861885 2004184
1215113 1359031
893417 1030587
625219 761534
1891271 2025707
1321564 1613684
1131591 1328818
873100 1041004
683675 821568
808151 987015
1022110 1185310
1886063 3164203
920567 1084139
1200927 2516931
918204 1100085
1167707 1434896
941797 1198531
720669 891644
1011880 1148643
798002 939516
989656 1145981
1160198 1297665
1280783 1479902
1054864 1209839
1249996 1385536
1247770 1442934
2841951 3021443
1187592 1357584
4955441 5198205
638693 788642
1992449 2160322
778654 927027
1015828 1156724
3207852 3365075
1198204 1335475
1229042 1452319
1544119 1782031
864734 1085171
648327 792844
742950 890542
941114 1085462
986455 1164280
5208171 5379476
1203605 1384562
1697416 1885220
1202020 1389569
1260001 1504814
2034211 2219436
1160126 1306220
2569941 2749560
3807286 3937017
2210856 2373835
10282459 10502857
2877203 3043900
4879056 5021908
1439588 1635314
1207147 1470204
1009712 1190753
2536003 2734749
853750 996970
1154869 1335658
1582886 1732408
3986745 4143207
972713 1111852
763772 924395
1366758 1531485
982808 1146519
1240550 1418998
853273 1025442
2254146 2395491
6940901 7160357
4634008 4810000
759919 952563
7275539 7436457
899084 1039733
1959281 2101187
1089699 1225755
910515 1122167
2252065 2399446
1559889 1699412
1420658 1591075
886758 1044372
10189124 10413795
1865456 2012570
2078914 2201204
2799263 2935196
3198011 3348879
3761333 3999034
4873690 5039451
3283825 13162237
3217672 3354031
5385134 5577275
3209017 3359395
6505706 6984783
8562398 8720688
7944819 8099471
10974629 11120089
1834992 2004956
6445550 6619172
7763723 7912387
5720308 5856537
4149374 4286726
9651528 9849798
5964520 6151079
6780825 6939690
6678494 6810787
8593839 8752166
1342699 1608413
832802 979925
2122632 2290487
896166 1074848
2339948 2474510
698050 849762
890209 1056303
3986014 4145696
720969 856202
1964461 2120279
1403905 1641706
823485 970612
1141602 1360960
2096315 4112308
1341893 1466213
12110173 12282834
11831145 12313110
5232218 5369763
18636843 18770017
20125100 20315047
6905059 7448463
4364117 4591586
850205 1005786
1246923 1381982
2364465 2495680
2892650 3017358
1355076 1545841
2592799 2743186
3463009 3649554
8670440 8859889
4423062 4683679
1254382 1514542
1021043 1251168
957420 1152470
2021485 2180821
5161245 5354812
890648 1066460
1148455 1391768
1763464 1917087
1061759 1187641
1287510 1541732
1070237 1359747
1199754 1431606
2519455 2707670
1116545 1310184
4998389 5196930
2658543 2806262
1195705 1363514
2748773 2919632
1390209 1543932
788008 922670
906493 1084575
1069368 1381537
3865941 4046046
7004708 7157252
4983396 5116903
2903158 3033359
4165215 4297446
2956917 3072811
9343871 9563072
3981768 4108870
936709 1093878
2193173 2351627
1428105 1596849
1263818 1405273
3906015 4043848
5277167 5445023
812079 978102
3054929 3191534
10202113 10396583
3498671 3629092
4795151 4936759
6909112 7303676
1182070 1501936
872800 1019470
697912 841075
913465 1081307
960691 1096677
4745715 4881651
2366204 10111359
7476719 7625506
1520489 1649509
1422809 1636843
1222139 1484441
842216 1049650
923453 1079702
2566917 2722844
1888551 2070533
2514601 2651835
2972325 3107586
9681434 9844177
7209363 7406095
1499510 1643612
1193102 1420155
3159547 3401631
3501070 3637861
4073139 4214900
4387419 4508115
3416518 3559273
7659551 7844365
11594214 11723030
20066864 20211830
9518104 9649679
1106277 1381765
1454206 1786507
834270 1038173
2202586 2391110
933921 1176316
2146547 2276801
1047070 1191594
1001951 1138991
800866 936708
937820 1077222
1224025 1490329
1328142 1540651
2080388 2309019
1018514 2749740
709949 852737
728622 881041
1241444 1429571
1013904 1175026
808085 948469
790311 938244
965491 1132676
19420681 19958984
1041031 1240294
2175113 2326777
2541071 2704965
5140573 5334057
1961173 2109943
1431951 1560634
860724 990763
2071999 2205711
6639660 7022052
944638 1120672
1116538 1345905
1221624 1498035
772258 950192
930943 1093220
680411 814327
1136577 1338314
826093 983908
3912878 4051035
5874481 10854587
1174583 1314963
1287704 1556596
1240125 1493421
1262007 1536117
1241302 1407151
975256 1150953
936944 1154986
846685 1007447
2157152 2290919
3484374 3631787
5060116 5203401
831379 1005706
1354017 1599842
1173973 1369019
2825604 3055237
1140741 1359160
1367046 1588702
2884834 3052612
2375868 2593390
1223721 1366513
853877 991159
704166 847136
833046 982454
1058534 1247767
2864071 3069001
956591 1114240
1191353 1512522
3423608 3642701
4919236 5075143
2997222 3128267
1877668 2008611
7060934 7235464
2450736 2605781
2379360 2589559
2292378 2512142
1483550 1636499
12784951 12957682
1327227 1569141
986567 1154686
2798287 2965001
1266299 1397302
1201235 1355599
960168 1101889
5105259 5374184
1303753 1492579
1038061 1194664
811531 968078
921469 1102607
2428155 2613671
1051085 1282152
836005 1019051
1981945 2121542
927155 1130578
786533 976225
806248 937719
904150 1058680
834494 996238
1079786 1311335
890210 1100484
1108930 1408889
1110044 1357475
776219 936885
1086868 1241839
1845318 1985604
990841 1144049
1140848 1293436
1069186 1226957
1264376 1499925
1400006 1684437
1115923 1302083
1395694 1604265
977888 1139126
2500753 2695569
915904 1081378
1598629 1760188
988792 2232508
4472673 4640027
1127103 1371624
4533111 4737369
1129129 1315034
8589483 8942487
1492047 1730621
5365753 5582192
4322542 4446655
886290 1036633
2251083 2420775
1105052 1239322
5038766 5200978
988002 1128211
7766287 7901242
1550479 1823808
1266313 1500342
1329408 1544456
3864566 4045052
2976513 3159441
7772689 7928283
6212392 6357042
993813 7862389
3760492 3931906
4918264 5324780
6702697 6972622
1234039 1474183
1200048 1435761
1236747 1468679
1101309 1308760
3204803 3448285
749625 887199
2129323 2266387
1511746 1633499
904160 1035869
1364045 2467478
1255427 1411868
1157258 1281225
1075645 1250174
959440 1144250
829250 990598
882284 1037871
825964 975471
2130598 2280242
756936 914922
1065079 1200444
2223130 2369808
1994131 2164115
694371 844088
1831895 1984283
1911555 2063185
7023636 7445647
1193856 1333359
2638918 2812370
2070489 2214330
2894431 3085073
9826290 9986494
8722754 8914324
10302379 10426395
1380055 1640985
809914 956344
847041 999115
808192 955046
906245 1076709
856507 990870
969953 1107148
1113369 1262249
1585069 1755371
1751067 1881594
1171553 1371480
1237633 1499838
863754 1010389
897500 1037290
854147 1012329
679502 821013
954508 1119545
1164136 1343070
825419 957703
1022355 1189416
1115277 1392059
1276066 1518551
785577 925316
1808950 1997795
892554 1017453
3405969 3556162
2349181 2485378
2522857 2656791
5784185 5924125
1301739 1849098
1355406 1667788
1182327 1379189
1211781 1454995
965119 1149720
2638040 2790393
1252472 1405772
5626715 5782657
4777222 4905632
1588270 1714655
1582572 1772794
848503 986945
1092218 1299179
1098361 1312546
1022615 1227756
703018 848701
2116270 2286243
911613 1078182
2823518 2992061
1147108 1279426
2442270 2611953
2344325 2484547
2759340 2890920
1228271 1439888
1127765 1369389
1147542 1333541
1096967 1259452
1036155 1176881
4791301 4949500
1185760 1361762
929143 1062826
2106554 2273808
793948 936338
5147552 5285255
2289738 2513530
942586 1159353
1381206 1576367
1021007 1218979
1134788 1310358
700639 837225
1891343 2033306
763384 923800
688834 843027
854960 992169
1197814 1356593
898222 1113718
1019560 1229085
879270 1067090
1212268 1444765
816334 983024
2634828 2862278
790792 954839
2920392 3054628
2054532 2177724
1243587 1400892
1546441 1754728
1403161 1610837
1294017 1464026
2057752 2285382
1036052 1226966
1203619 1458187
999584 1166979
3022938 3205366
1576517 1710015
893657 1028124
788289 922951
1078317 1337154
903481 1122926
1512690 1760883
4284135 4499930
1238925 1511375
2035047 2201941
1014766 1141441
3884375 4071580
665956 799931
1810320 1933412
851161 1043788
1289244 1499057
4468078 4892213
1144538 1435286
1281160 1537756
6283340 6459040
5563228 5754142
4532961 4679559
2999023 3125579
3735631 3883835
8772194 8981422
3522964 3675070
4027063 4198938
2777808 2915461
6823077 7054599
1145330 1420489
695059 833388
858821 1000504
2020781 2151202
2115426 2248881
1134750 1312389
2759982 2913999
3797415 3930506
1700505 1858917
951225 1094284
1560653 1804007
1197238 1340605
746412 956384
691564 848757
769413 904816
1034274 1183994
1157381 1297272
3063879 3207456
4533000 4699995
5242383 5364376
1149028 1390705
1050826 1231274
883496 1042482
1801282 1939342
3199812 3370967
10101099 10514914
760345 882419
2006510 2134412
3077646 3283927
4284052 4594377
1152211 1370338
1106949 1351914
883459 1029369
962074 1126442
3461238 3664518
1213135 1351110
2200215 2332717
1454888 1580128
1718447 1890121
879348 1012789
1384596 1638453
1098946 1247760
2692618 2874067
1134469 1343259
1179158 1423428
890605 1061861
2425366 2567314
3559255 3716306
1062116 1214539
743056 888315
1059957 1263801
1828499 2021022
2403639 2553205
2798865 2944878
8955126 9415435
1051365 1219599
1737492 1931871
4956157 5121792
4394167 4522489
4034076 4150854
2755777 2923185
3630942 3839425
5070162 5242585
2918139 3044806
6616538 6781848
8206371 8429966
3979993 4119597
4444186 4605437
3697343 3820710
5771508 5927158
5873627 6008312
984452 1199511
973804 1195420
1988067 2136774
1087995 1218752
1863668 2023957
1075965 1229283
1203814 1356933
887223 1017455
969157 1102992
707297 855177
1169582 1389419
3945861 4391251
5868787 6087255
2007956 2167240
1800503 1922452
1750776 1904094
2824125 2950147
4855678 5011858
5723827 5853468
7499033 7699470
988685 1190687
5221440 5454242
1227579 1439552
1039956 1259771
1353110 1511928
1919096 2076074
946460 1097194
2115750 2245203
3550530 3681475
903745 1034732
1083030 1289194
1907032 2098786
3212871 3359419
1485185 1612953
5125550 5321494
791190 921009
2382338 2520003
2750640 2883047
1747349 1886786
2565979 2729624
2195753 2313635
1173910 1397893
759353 910913
1950674 2071818
3281162 3397464
807339 967066
2348357 2473667
915667 3980957
801464 931394
2404746 2533461
1116666 1240724
1154938 1410054
684542 813863
5516361 5647314
4738587 4864098
3050592 3184680
2677478 2807411
3185116 3329914
4156640 4310258
6175207 6317851
7272234 7427157
1311309 1566069
1034631 1217850
5921838 6066229
2864640 3019040
2997384 3179249
3627294 3753471
4477737 4602216
5508301 5666540
1282991 1473590
9492380 9644232
1129016 1389415
3027825 3173362
1734524 1874584
5615236 5800274
8123122 8265413
7211323 7348220
3683017 3815647
2097243 2237051
4224482 11404097
5526931 5671142
2859190 3089612
1073285 1299040
1049577 1286035
876544 1032283
863831 1022195
818814 968574
694849 824273
935640 1081435
5645693 6021090
2335976 2463687
1175607 1406962
1080000 1346521
1110296 1286072
2349386 2537730
1458306 1609610
4126765 4258937
3398226 3535654
5901042 6074718
1774438 1902721
3021235 3174871
1297920 1524067
817657 992407
1159362 1407725
1021568 1210817
943709 1156101
928202 1105113
917237 1105189
907883 1065531
2289600 2427122
5071680 5203392
681853 846592
1904695 2027748
3172408 3388719
1007300 1206042
11034060 11266762
978656 1160995
2449432 2670749
812541 966578
1024854 1221338
2386317 2510111
3912091 4065033
813103 942351
1064212 1345258
1234303 1373174
1328208 1533373
838123 1032845
812292 983934
861713 1016685
690971 860649
995637 1125962
792034 939485
630827 762160
991811 1148103
951860 1083756
1182695 1431665
1170783 1390882
703835 860291
2566589 2786340
1019410 1232922
2404785 2574883
3252425 3380351
2599274 2719385
4766808 4943896
1744995 1938245
1317408 1563138
5745418 5903866
7232192 7411654
2363451 2503796
3182279 3302818
3188645 3320811
4700679 4849151
1110126 1331686
2525131 2649959
13185556 13314634
5359004 5494021
1193444 1422232
698286 851838
625149 762080
645527 780806
672154 802851
859178 1002343
2024193 2194976
1188004 1312015
616418 750162
760560 908145
1124113 1345829
652725 785469
1132315 1345694
1028916 1228345
686287 815391
852452 1031865
1918117 2069414
1116839 1267555
820960 979171
842370 994096
1091189 1370192
1088351 1317567
4698563 4944247
2277744 2460013
2892969 3028720
3162482 3286497
3609284 3734453
1988027 2134630
9021842 9154430
22087749 22236898
1193091 1448739
2724816 2952695
1031885 1254721
896181 1071319
2340791 2525393
1202737 1329747
2435089 2578278
5503651 5645619
1737479 4605910
7310812 7488764
1142237 1308383
1331844 1536123
965534 1180037
1331165 1548162
853044 1016575
2383184 2556506
713905 864359
2026925 2172231
1978841 2135895
1035626 1176071
2794952 2933429
1138285 1282132
963616 1175596
1079229 1309720
4505028 5006178
871067 1039678
847077 1009192
1914586 2049417
2865379 3734534
3995582 4121730
4730957 4886818
3441253 3633564
8285997 8466866
1110181 1298308
1676116 1922506
1151417 1327532
2388534 2518510
4348316 4548847
1640207 1772546
1198503 1343673
1003918 1140334
1179059 1309723
959541 1090636
862564 1021896
1379595 1589507
931334 1094192
801038 977064
4276026 4659855
2869474 3111877
4735075 4889536
5672632 5844560
6354016 6491084
3166303 3329725
9165697 9308149
1548783 1780170
1243413 1436701
741242 901094
1070128 1280727
3101081 3272561
2306643 2433351
1297172 1488732
2126465 2270275
1023474 1165782
815504 948108
1268129 1527378
911642 1094006
2848926 3058863
1137521 1402626
1329840 1599776
790652 963906
2005618 2176837
744814 875509
1766770 1916122
911152 1035052
944572 1092679
1431298 1649594
942529 1140069
8520431 8757796
1422228 1659344
914611 1121959
4512022 4741775
982104 1122047
1253318 1386515
5876905 6006534
6248100 6376283
1001908 1182106
2970153 3133391
1093186 1273786
1347355 1643913
4504059 4747281
2127786 2274037
1348200 1474436
4212747 4455623
678588 816941
2192646 2404461
2896436 3029857
844336 981703
965312 1189732
978196 1180449
1031439 1234191
5187875 5413871
3818283 3962624
7023421 7204682
3060309 3185601
3797886 3932070
3727317 3859213
5630893 5876048
770052 917416
2198423 2328939
1093101 1274113
1366521 1654312
827471 956560
867417 993768
1705422 2304366
1285062 1455997
2665270 2800875
1317807 1448655
822246 955048
896650 1047056
4258915 4400828
2136170 2295311
2498028 2637666
10437292 10728558
3135088 3253761
3707281 3858015
773000 921987
843194 970532
1909074 2082562
1795597 1933992
802243 965568
1085804 1290267
1020729 1197104
694328 857675
725333 868510
2095260 2217149
1799821 1951176
1039596 1198295
3513921 3664549
1534975 3618098
907450 1098462
749437 906197
1024196 1170918
2591550 2760159
1720223 1847137
1193759 1365651
1011922 1164997
936572 1064712
1041756 1211149
3021947 3159918
3553423 3676296
1621459 1847846
1797832 2010136
851150 1023937
2497296 2677604
2246051 2401427
5950702 6115850
3699487 3834885
2990839 3144047
2449887 2587685
4104756 4272041
793092 926778
1953455 2128217
1177209 1435092
977078 1142389
6381850 6588538
4168740 4375825
3771521 3894999
4364632 4503074
8961812 9137363
10333884 10464662
10415118 10534035
652298 796585
879362 1042468
1102175 1274415
1123175 1332155
682559 804680
2000305 2148094
1671774 1831395
1109772 1251695
2281506 2410275
3898583 4013371
1372371 1516901
805902 965547
843433 1026962
1127451 1323311
1236218 1438489
857628 996185
957824 1095956
805918 970392
768489 949124
868808 1025375
975297 1113670
711715 863446
816642 945452
906299 1088716
1279495 1475607
700437 844492
793439 971612
711234 857882
1704246 1842291
1035263 1153295
831745 955217
1823689 1937723
863233 1002288
784345 915345
1055091 1289979
1381872 1599689
814618 974968
750347 877522
908308 1088237
800403 984321
932493 1098947
772325 922773
1139620 1287246
970750 1103295
1024252 1245089
948159 1223181
1324277 1500649
1221070 1430732
1732984 1863802
964731 1108145
888254 1047049
2051837 2184328
3397047 3515500
704259 842186
923301 1066768
1061520 1312554
1173429 1406790
1169250 1344697
1254197 1469027
1677233 1848217
1118782 2202714
1239588 1378610
761318 1002475
4142768 4311375
1513843 1688322
5947555 6346147
898975 1075638
1023523 1264049
1290118 1554727
2377582 2594641
1264188 1451559
2272206 2396426
3446005 3580038
5252901 5382398
2736546 2865188
1752770 1871460
1299149 1494265
2013411 2144451
1043740 1330336
2266884 2477403
1081836 1207457
5807140 5968967
5771022 5971237
6538654 6672320
11527227 11653970
1978484 2220096
3242095 3361205
884419 1043102
1094620 1237914
979764 1163548
1200204 1433613
1267241 1404034
2431304 2870822
760498 894689
2203633 2383420
1542854 1709463
898425 1034479
913794 1072674
657619 793101
1355910 1786386
1147650 1343650
1215339 1568591
832206 978206
840664 964091
2285231 2488196
1375551 1489206
2401661 2532402
2254825 5171319
911978 6860331
4190301 4333567
1136828 1331729
1319461 1528609
836060 1018741
842040 987201
831389 975414
625913 768500
1459269 1602872
913051 1041164
1070004 1181000
1070577 1190371
787583 916887
1265210 1505505
2032768 2195530
724537 844780
2359331 2479990
5090251 5248358
3822445 3976620
2334322 2458117
3023796 3172585
2961201 3071336
5801397 5939709
1401372 1578885
1135741 1345881
1263904 1501097
845105 964176
856558 993644
1930399 2056246
755558 880888
693856 804189
757475 868212
1035698 1152260
3052234 3158618
1080625 1269065
1113730 1255457
2602042 2753935
839794 971738
817355 971550
924866 1088804
1104595 1238785
2491476 2609032
973587 1103199
2555812 2663475
1935042 2150919
1947058 2128672
1098337 1213288
4000602 4159701
782903 898470
2256635 2396257
1132409 1288278
1043892 1165690
1290742 1496865
1406894 1565986
785510 917271
1337198 1561976
743694 883500
1020176 1144654
1145801 1269174
1043349 1180630
3472744 3609142
734262 865074
1192191 1310064
2434536 2574328
4597829 6952528
913654 1127126
1220973 1339994
728392 864376
961187 1093242
7285813 7476629
4279008 4643990
1321201 1444284
2248313 2362971
3050950 3202766
4958699 5074874
1168863 1358684
678751 813445
4621405 5000351
2471235 2585781
3233424 3360711
4146025 4278885
5034672 5156423
5693004 5805733
7297006 7445119
8950254 9068589
1122925 1319681
869050 1021850
703365 861239
2306086 2504419
1028806 1193214
1429989 1583242
1298614 1468939
6668982 6809165
4386791 4502055
663811 1052316
7284501 7523543
3559950 3781013
1108228 1339322
935114 1096720
2594281 2785762
1348311 1493360
2511350 2625174
1318934 1444469
833478 1000261
836271 963191
1699740 1833033
2708860 2908988
1105742 1330704
2664586 2892974
2551708 2695639
943544 1100207
1192498 1387259
1206375 1359141
877920 1030877
1223125 1351906
1088592 1222320
849063 966309
999214 1186218
1278346 1473495
984690 1138268
2555011 2705684
1162596 1403689
690338 816468
822037 934076
2181016 2332364
1354029 1465108
1102472 1218985
834467 955145
1211653 1435306
2817957 2991468
1220484 1427143
1178378 1354770
815245 939289
2334010 2469282
1179404 1300741
3616482 3739982
1318173 2775864
797921 952462
1114064 1302209
1135981 1326355
834647 986786
1302813 1498304
825065 955168
4318749 4512323
2328807 2559136
868217 1008430
899065 1040900
1027032 1144266
766338 901328
1411629 1646975
932059 1044497
1158843 1392397
895657 1064695
2384816 2542619
2182167 2323123
1370978 1503458
3886767 4022556
1459833 1574761
968783 1084501
1244957 1396337
1930410 2073011
736963 911510
4106457 4625677
822433 1009726
961268 1098429
2465893 2620630
1230300 1377750
850256 987520
1031300 1224841
1168068 1295167
1088793 1214070
779341 925294
1169181 1365804
879511 1011442
1187661 1416957
952835 1111441
3130032 3307140
2350321 2462523
1511054 1623814
4830320 4944642
2447208 2681085
1070872 1199171
1024703 1217522
1476505 1621470
984470 1124867
2376224 2526003
798836 925921
600784 724262
834202 981734
1877421 1991282
3143953 3318481
4022186 4140078
943826 1063490
1977326 2128166
1200035 1484303
950666 1123282
748850 908936
666145 794442
4142622 4289675
4809129 4946466
5763758 5904728
1084245 1221930
1050961 1219757
2575824 2717271
928459 1113984
768365 900286
3879481 4046788
2102378 5351044
915633 4472988
970257 7153826
966722 11121518
1816453 1954395
5175715 5304525
7181251 7633030
1198737 1389878
857928 2295282
923656 1059491
4128833 4244199
1674381 1812939
3076246 3202777
895819 1001183
1784803 1919135
3254836 3402117
7733996 7865735
1098327 1259548
2956086 3124271
830022 962164
2162248 2283218
4637158 4753888
3393434 3540124
2574199 2716813
6245079 6357449
4832559 4972695
5987730 6112272
1208240 1401575
942089 1128305
928570 1155030
2527611 2711965
1138832 1355188
2364693 2509270
4114374 4255321
3164790 3313403
2316440 2417996
2570963 2702035
1087952 1351279
1148495 1360961
983809 2612409
11661669 11838415
1073974 1182401
2187193 2328296
8389336 8512815
1000469 1106190
2500101 2646452
3636835 3777939
868800 996462
1198423 1403117
850645 1022800
2469459 2658932
1121709 1260819
2460888 2570182
3947853 4083153
1420723 1570553
1194131 1321726
1121296 1257690
4052273 4182891
2447996 2653259
1618205 1799817
4564892 4742943
2082823 2202687
2090507 2236443
1312888 1472232
1000673 4007120
928765 1070617
2023959 2138227
1214975 1451859
782816 926971
621459 779479
1920979 2152087
1035775 1176376
1062819 1202911
3829180 3949579
1397760 1537666
765046 904861
2290239 2480491
1142762 1346728
4442532 4607873
1034191 1152010
1054945 1196072
771158 902759
2278794 2418371
1401223 1556289
1140141 1352483
808167 958863
779351 911795
983631 1119259
968414 1090078
1486049 1604315
808987 928947
882281 1010563
1226480 1454642
688003 804726
1985043 2117425
1238819 1356285
957921 1074804
963467 1076280
822830 963857
1260322 1471484
1240591 1468686
3864667 4065277
844854 988815
699861 831548
2084658 2244810
872496 1032377
1379155 1590608
4044703 4198255
4782759 4924874
1178161 1426426
1324899 1525951
913322 1070059
2449999 2618451
1000178 1210986
